8		10		11		16		16		16		20		24		27		33		
35		47		47		48		50		53		55		57		61		64		
65		67		68		72		74		75		80		82		84		84		
85		86		87		89		91		94		94		102		102		102		
106		107		112		113		114		115		116		121		122		122		
132		144		144		146		148		149		161		161		164		173		
176		180		182		185		186		188		203		210		222		227		
228		238		240		242		244		246		251		253		254		259		
260		261		261		263		264		265		266		272		278		280		
283		286		287		289		294		295		302		304		304		304		
310		319		325		326		332		335		335		337		340		345		
345		345		346		347		350		351		352		352		355		357		
360		362		362		364		370		371		373		375		375		380		
381		384		385		389		393		397		401		401		402		406		
408		412		413		417		420		426		427		428		432		433		
434		436		436		439		441		444		448		456		457		460		
463		465		467		469		474		475		477		481		484		492		
495		496		499		499		501		502		507		509		511		515		
516		516		516		519		528		535		536		537		537		540		
545		553		559		563		566		569		572		575		584		589		
589		598		603		617		626		626		631		639		644		646		
647		650		651		653		656		661		677		685		685		686		
687		690		690		693		695		695		697		699		700		716		
721		721		726		731		732		732		739		749		756		759		
760		761		761		765		769		770		773		775		776		778		
779		783		783		785		785		786		786		789		790		791		
792		798		800		805		809		809		820		822		823		827		
829		834		836		842		845		846		849		858		866		868		
869		869		869		870		870		877		877		886		886		890		
891		891		899		905		905		906		909		913		914		915		
918		921		921		922		928		928		936		941		945		946		
948		949		952		954		963		966		969		976		977		979		
979		985		986		990		993		995		997		998		1021		1024		
1025		1031		1032		1035		1037		1045		1046		1046		1047		1049		
1052		1053		1056		1060		1061		1066		1069		1081		1082		1084		
1086		1087		1090		1094		1095		1096		1097		1100		1102		1110		
1111		1113		1118		1123		1126		1129		1130		1134		1140		1140		
1149		1156		1157		1159		1163		1164		1172		1173		1176		1177		
1182		1187		1190		1194		1195		1200		1202		1204		1205		1206		
1210		1215		1218		1224		1225		1229		1230		1237		1244		1245		
1248		1250		1252		1254		1263		1263		1271		1275		1280		1280		
1280		1282		1282		1283		1285		1292		1297		1306		1309		1310		
1313		1317		1319		1324		1324		1327		1331		1335		1343		1344		
1347		1350		1356		1356		1360		1363		1366		1371		1372		1374		
1377		1377		1382		1386		1387		1393		1394		1397		1399		1402		
1402		1402		1407		1409		1412		1424		1426		1435		1437		1440		
1440		1445		1445		1447		1448		1449		1458		1461		1463		1466		
1468		1474		1477		1482		1483		1484		1489		1502		1504		1507		
1508		1509		1527		1528		1528		1530		1531		1534		1540		1544		
1546		1546		1549		1552		1554		1566		1567		1567		1570		1574		
1584		1584		1586		1587		1588		1593		1594		1598		1598		1599		
1599		1605		1613		1614		1615		1626		1628		1635		1636		1639		
1642		1643		1644		1648		1652		1655		1660		1662		1671		1678		
1679		1679		1681		1685		1687		1698		1699		1700		1701		1703		
1707		1711		1717		1721		1722		1724		1733		1733		1735		1740		
1744		1747		1748		1750		1750		1751		1752		1753		1759		1766		
1767		1771		1774		1775		1787		1788		1803		1805		1807		1809		
1813		1816		1825		1828		1829		1830		1834		1837		1838		1838		
1839		1843		1844		1850		1855		1861		1863		1870		1876		1880		
1881		1884		1887		1888		1900		1901		1911		1911		1916		1916		
1921		1922		1922		1923		1926		1928		1929		1933		1937		1937		
1944		1951		1963		1967		1969		1975		1975		1978		1981		1986		
1997		1997		1999		2010		2011		2023		2024		2035		2038		2040		
2041		2045		2046		2047		2049		2054		2056		2057		2059		2069		
2082		2085		2090		2090		2094		2096		2097		2101		2106		2107		
2113		2119		2120		2121		2122		2131		2132		2139		2143		2148		
2155		2165		2167		2169		2171		2172		2181		2182		2183		2185		
2189		2191		2191		2192		2192		2196		2198		2200		2205		2207		
2212		2212		2213		2215		2217		2218		2225		2228		2233		2234		
2241		2246		2253		2255		2257		2263		2269		2273		2284		2285		
2286		2290		2291		2293		2293		2300		2312		2323		2323		2323		
2336		2339		2342		2343		2349		2349		2351		2351		2353		2357		
2361		2369		2373		2373		2376		2379		2380		2381		2387		2388		
2394		2398		2400		2404		2406		2409		2412		2417		2418		2421		
2424		2424		2425		2425		2428		2429		2429		2430		2432		2435		
2435		2440		2445		2447		2447		2449		2450		2451		2452		2454		
2455		2459		2464		2464		2467		2469		2471		2475		2479		2480		
2486		2487		2487		2488		2489		2489		2496		2498		2501		2503		
2503		2509		2510		2511		2516		2525		2525		2531		2532		2539		
2541		2546		2553		2555		2565		2565		2568		2580		2580		2581		
2584		2585		2585		2590		2591		2592		2594		2595		2596		2599		
2599		2600		2601		2603		2606		2607		2610		2612		2615		2615		
2629		2629		2642		2646		2654		2658		2659		2667		2673		2678		
2680		2684		2693		2694		2695		2698		2702		2706		2707		2714		
2717		2720		2721		2726		2727		2729		2732		2734		2735		2737		
2739		2745		2746		2747		2748		2758		2759		2762		2769		2770		
2771		2772		2773		2776		2777		2780		2785		2787		2793		2796		
2798		2802		2804		2814		2816		2824		2825		2835		2836		2837		
2839		2840		2846		2851		2851		2854		2857		2866		2866		2869		
2871		2871		2873		2874		2876		2877		2884		2885		2889		2892		
2895		2896		2898		2898		2900		2903		2904		2904		2912		2921		
2924		2926		2926		2930		2933		2937		2940		2945		2951		2952		
2961		2962		2969		2970		2973		2981		2983		2987		2987		2988		
2991		2992		2997		2998		2998		3001		3008		3013		3016		3020		
3029		3030		3031		3036		3036		3040		3041		3051		3051		3062		
3063		3066		3067		3070		3071		3075		3076		3077		3078		3081		
3084		3091		3093		3094		3103		3103		3110		3110		3114		3114		
3132		3134		3136		3141		3151		3154		3155		3161		3163		3165		
3167		3167		3170		3173		3181		3185		3185		3185		3199		3201		
3201		3202		3204		3207		3216		3220		3224		3225		3226		3228		
3232		3233		3236		3238		3245		3249		3251		3262		3267		3268		
3271		3272		3272		3272		3275		3278		3279		3282		3283		3283		
3284		3287		3293		3295		3296		3300		3305		3318		3324		3326		
3327		3340		3343		3347		3349		3350		3351		3351		3351		3352		
3355		3361		3362		3364		3364		3370		3373		3374		3378		3382		
3383		3386		3393		3396		3398		3398		3398		3399		3405		3405		
3417		3421		3422		3426		3427		3427		3428		3435		3437		3437		
3443		3443		3444		3454		3460		3460		3466		3467		3470		3474		
3476		3483		3485		3487		3487		3491		3492		3494		3494		3498		
3500		3502		3507		3520		3522		3522		3523		3535		3540		3546		
3549		3549		3552		3554		3557		3560		3573		3575		3576		3577		
3581		3588		3593		3609		3610		3611		3614		3616		3618		3620		
3623		3626		3643		3645		3645		3646		3649		3653		3658		3659		
3663		3665		3671		3672		3680		3680		3681		3686		3686		3694		
3694		3695		3696		3698		3704		3707		3708		3709		3710		3712		
3714		3714		3716		3719		3720		3723		3724		3726		3728		3729		
3731		3732		3733		3736		3738		3740		3741		3741		3746		3746		
3751		3753		3756		3760		3763		3763		3766		3769		3771		3773		
3776		3783		3785		3786		3787		3788		3789		3789		3790		3791		
3792		3792		3797		3799		3800		3800		3804		3814		3815		3816		
3817		3817		3819		3823		3825		3828		3832		3836		3840		3844		
3847		3851		3854		3855		3857		3862		3864		3867		3871		3871		
3872		3875		3877		3881		3881		3881		3881		3884		3885		3885		
3891		3892		3893		3894		3896		3900		3900		3902		3903		3906		
3908		3915		3921		3923		3925		3928		3931		3934		3939		3940		
3940		3942		3944		3944		3952		3967		3967		3968		3971		3977		
3977		3979		3979		3983		3984		3984		3990		3991		3997		4012		
4013		4015		4016		4018		4019		4023		4023		4023		4036		4040		
4045		4046		4048		4054		4054		4066		4068		4068		4069		4071		
4072		4072		4077		4080		4091		4098		4100		4100		4105		4107		
4108		4115		4118		4124		4125		4127		4130		4134		4141		4155		
4156		4156		4160		4163		4165		4165		4180		4180		4185		4185		
4194		4196		4197		4200		4201		4201		4201		4204		4210		4212		
4213		4213		4215		4215		4217		4219		4219		4225		4231		4232		
4243		4244		4246		4247		4256		4257		4259		4262		4262		4263		
4264		4265		4268		4276		4277		4279		4292		4293		4293		4301		
4303		4304		4307		4314		4315		4318		4321		4324		4325		4331		
4333		4341		4353		4353		4355		4358		4358		4364		4366		4371		
4376		4381		4381		4381		4383		4383		4384		4384		4384		4386		
4387		4391		4392		4393		4393		4396		4400		4400		4404		4410		
4412		4416		4417		4418		4422		4426		4432		4434		4437		4438		
4439		4440		4441		4441		4442		4444		4447		4453		4459		4460		
4467		4473		4475		4475		4482		4487		4500		4510		4512		4515		
4516		4521		4521		4524		4530		4532		4533		4533		4538		4546		
4548		4552		4552		4555		4557		4559		4562		4562		4562		4564		
4565		4566		4570		4576		4584		4587		4595		4597		4597		4600		
4608		4619		4623		4628		4629		4633		4634		4638		4639		4641		
4641		4645		4645		4649		4655		4655		4659		4660		4661		4663		
4663		4665		4668		4674		4675		4676		4681		4683		4685		4691		
4695		4697		4699		4704		4705		4707		4710		4713		4713		4720		
4726		4727		4736		4737		4740		4742		4751		4751		4752		4752		
4753		4756		4761		4762		4762		4763		4767		4772		4774		4775		
4776		4780		4780		4780		4782		4783		4783		4786		4790		4791		
4797		4798		4801		4803		4809		4809		4809		4809		4818		4820		
4821		4825		4825		4826		4827		4827		4834		4837		4839		4839		
4841		4843		4847		4850		4851		4857		4857		4858		4870		4882		
4883		4883		4892		4894		4898		4908		4911		4912		4922		4923		
4926		4927		4933		4941		4945		4950		4955		4958		4962		4963		
4968		4971		4972		4975		4975		4980		4981		4990		4990		4992		
4996		4998		5001		5003		5004		5005		5014		5018		5018		5019		
5024		5024		5028		5031		5036		5037		5038		5049		5053		5059		
5062		5063		5065		5074		5082		5082		5085		5086		5086		5086		
5087		5087		5089		5089		5089		5094		5100		5102		5107		5120		
5121		5134		5136		5137		5147		5151		5153		5157		5168		5173		
5176		5180		5187		5196		5201		5206		5207		5211		5215		5216		
5216		5217		5219		5219		5226		5231		5237		5240		5244		5245		
5246		5249		5250		5251		5251		5254		5258		5261		5262		5267		
5268		5278		5281		5283		5286		5294		5294		5295		5297		5297		
5303		5313		5314		5317		5319		5329		5334		5334		5336		5339		
5339		5340		5341		5348		5350		5352		5354		5354		5356		5374		
5375		5376		5377		5380		5381		5384		5397		5399		5405		5406		
5409		5411		5412		5413		5418		5422		5429		5434		5435		5436		
5446		5447		5448		5449		5453		5465		5477		5479		5481		5482		
5486		5488		5494		5506		5506		5513		5514		5514		5523		5526		
5526		5527		5528		5533		5538		5542		5544		5548		5553		5560		
5562		5564		5566		5569		5574		5576		5580		5586		5586		5591		
5594		5597		5599		5600		5601		5602		5602		5602		5604		5605		
5614		5614		5619		5619		5620		5622		5624		5626		5630		5637		
5643		5644		5648		5648		5649		5653		5654		5654		5654		5668		
5671		5674		5675		5677		5679		5681		5694		5695		5697		5700		
5700		5703		5705		5708		5709		5711		5719		5726		5736		5756		
5757		5759		5763		5764		5768		5769		5775		5775		5777		5778		
5780		5780		5784		5786		5788		5792		5793		5798		5800		5803		
5811		5812		5814		5814		5816		5818		5822		5825		5826		5828		
5830		5831		5842		5843		5845		5847		5847		5848		5849		5851		
5851		5854		5861		5867		5871		5874		5875		5877		5879		5882		
5883		5885		5895		5896		5896		5900		5902		5906		5909		5916		
5928		5933		5934		5935		5936		5941		5949		5961		5961		5961		
5961		5966		5968		5968		5978		5985		5986		5988		5989		5995		
5996		5996		5999		6002		6004		6006		6006		6011		6025		6025		
6030		6036		6036		6040		6059		6062		6067		6067		6069		6075		
6076		6077		6084		6087		6096		6097		6101		6102		6107		6108		
6108		6112		6113		6113		6126		6128		6139		6139		6144		6146		
6148		6148		6152		6154		6155		6160		6161		6162		6164		6168		
6170		6170		6178		6182		6183		6183		6183		6187		6194		6195		
6195		6198		6199		6203		6203		6205		6208		6209		6211		6216		
6219		6221		6224		6227		6228		6231		6237		6237		6237		6244		
6246		6249		6252		6252		6254		6255		6257		6258		6259		6269		
6272		6273		6277		6283		6284		6284		6290		6293		6299		6303		
6303		6306		6310		6318		6319		6321		6322		6323		6332		6333		
6334		6340		6344		6347		6348		6350		6361		6367		6368		6370		
6371		6373		6380		6380		6392		6395		6396		6396		6397		6400		
6401		6402		6403		6405		6409		6410		6416		6417		6422		6428		
6428		6430		6433		6435		6438		6443		6448		6459		6463		6463		
6470		6470		6476		6478		6478		6480		6481		6482		6485		6491		
6492		6492		6494		6497		6508		6509		6516		6519		6520		6522		
6526		6529		6531		6533		6541		6543		6547		6553		6556		6556		
6559		6569		6570		6573		6576		6578		6581		6583		6584		6586		
6587		6589		6599		6602		6603		6603		6605		6619		6620		6624		
6625		6629		6631		6640		6643		6646		6653		6655		6656		6660		
6669		6669		6673		6674		6674		6682		6683		6686		6687		6691		
6694		6694		6695		6701		6702		6710		6713		6719		6721		6726		
6735		6737		6739		6741		6747		6757		6761		6771		6774		6774		
6780		6781		6783		6785		6787		6787		6794		6795		6795		6802		
6802		6807		6817		6823		6824		6825		6828		6828		6832		6836		
6837		6839		6841		6846		6847		6852		6854		6856		6858		6864		
6868		6873		6877		6877		6880		6884		6888		6890		6895		6896		
6899		6899		6907		6910		6911		6913		6913		6914		6914		6916		
6921		6926		6928		6932		6945		6947		6950		6951		6955		6956		
6958		6959		6959		6959		6961		6963		6965		6965		6966		6967		
6972		6974		6978		6985		6988		6991		6993		6994		6996		6998		
6999		7003		7006		7009		7010		7017		7018		7019		7020		7020		
7021		7025		7028		7029		7029		7029		7030		7031		7034		7036		
7047		7062		7064		7065		7066		7073		7074		7075		7076		7076		
7076		7084		7086		7094		7103		7105		7108		7110		7120		7122		
7131		7132		7132		7135		7137		7139		7140		7152		7163		7169		
7173		7174		7175		7179		7181		7182		7191		7192		7196		7206		
7208		7209		7209		7220		7220		7226		7226		7226		7228		7228		
7230		7230		7241		7246		7254		7260		7262		7268		7270		7273		
7281		7281		7292		7295		7297		7299		7301		7302		7307		7307		
7308		7310		7312		7317		7317		7324		7326		7329		7331		7331		
7332		7333		7334		7334		7335		7336		7337		7337		7344		7346		
7351		7357		7358		7358		7359		7359		7360		7361		7365		7369		
7370		7370		7372		7376		7379		7380		7382		7382		7383		7388		
7397		7400		7400		7402		7404		7406		7407		7412		7423		7430		
7439		7440		7454		7456		7458		7459		7462		7462		7464		7467		
7470		7472		7474		7474		7480		7485		7490		7490		7493		7497		
7497		7512		7515		7516		7517		7523		7526		7532		7532		7535		
7538		7546		7548		7551		7558		7561		7566		7568		7569		7575		
7577		7581		7583		7584		7595		7596		7597		7598		7600		7602		
7604		7605		7605		7619		7621		7622		7623		7627		7627		7628		
7628		7628		7630		7642		7643		7644		7658		7659		7671		7674		
7675		7676		7680		7686		7697		7703		7703		7704		7713		7714		
7716		7720		7725		7728		7737		7739		7740		7745		7756		7761		
7763		7766		7768		7778		7780		7796		7799		7799		7801		7803		
7805		7809		7809		7811		7818		7822		7823		7830		7833		7836		
7839		7841		7842		7847		7849		7850		7851		7853		7855		7859		
7861		7862		7865		7868		7869		7882		7885		7892		7896		7902		
7907		7911		7916		7920		7924		7925		7928		7933		7937		7945		
7949		7957		7959		7966		7970		7972		7973		7973		7983		7990		
7993		7994		7995		7995		7995		7999		8005		8006		8013		8015		
8018		8021		8022		8024		8027		8029		8032		8041		8042		8047		
8049		8051		8051		8063		8069		8071		8079		8081		8084		8093		
8098		8100		8104		8107		8111		8117		8124		8124		8127		8138		
8138		8140		8141		8141		8146		8149		8154		8154		8155		8156		
8158		8159		8161		8166		8179		8183		8189		8190		8194		8196		
8202		8203		8204		8216		8219		8226		8233		8235		8235		8240		
8241		8243		8244		8246		8250		8252		8253		8255		8258		8263		
8270		8273		8276		8276		8278		8281		8281		8283		8286		8289		
8291		8292		8294		8297		8298		8300		8301		8304		8304		8306		
8308		8317		8318		8319		8320		8321		8323		8323		8325		8325		
8330		8335		8340		8343		8348		8349		8358		8360		8361		8361		
8362		8363		8364		8364		8372		8372		8379		8381		8387		8389		
8391		8392		8397		8398		8405		8405		8405		8405		8410		8414		
8415		8418		8421		8421		8423		8424		8426		8428		8435		8435		
8436		8439		8452		8452		8452		8454		8455		8455		8465		8465		
8466		8477		8477		8479		8480		8480		8486		8488		8489		8493		
8496		8501		8501		8506		8513		8514		8516		8520		8522		8523		
8523		8529		8530		8535		8538		8544		8547		8560		8561		8562		
8567		8577		8578		8582		8591		8592		8593		8597		8599		8599		
8606		8611		8620		8621		8621		8624		8628		8629		8636		8639		
8644		8645		8647		8648		8653		8658		8662		8662		8664		8665		
8666		8667		8672		8672		8678		8682		8686		8687		8690		8708		
8709		8711		8712		8714		8719		8720		8722		8723		8729		8732		
8736		8737		8742		8743		8744		8751		8752		8761		8764		8764		
8780		8780		8783		8786		8790		8795		8797		8801		8803		8804		
8804		8807		8810		8810		8817		8821		8822		8824		8825		8829		
8833		8834		8840		8842		8846		8848		8857		8859		8862		8877		
8881		8882		8882		8883		8885		8886		8891		8899		8902		8907		
8913		8915		8921		8924		8926		8927		8944		8947		8949		8962		
8962		8963		8965		8966		8968		8970		8972		8976		8976		8977		
8982		8989		8992		8992		8993		8995		8995		8998		9001		9002		
9003		9006		9007		9009		9014		9017		9020		9023		9023		9024		
9025		9029		9029		9034		9038		9040		9043		9045		9049		9050		
9051		9058		9060		9060		9062		9068		9068		9071		9073		9074		
9078		9080		9080		9082		9086		9094		9097		9098		9109		9110		
9114		9115		9116		9123		9123		9130		9133		9139		9142		9147		
9158		9162		9163		9163		9163		9167		9170		9172		9174		9177		
9181		9183		9187		9194		9202		9202		9204		9206		9212		9213		
9216		9220		9224		9226		9231		9232		9232		9236		9243		9246		
9248		9248		9254		9255		9255		9258		9267		9268		9270		9273		
9279		9280		9281		9283		9285		9292		9293		9295		9296		9297		
9299		9306		9311		9311		9311		9314		9318		9319		9321		9321		
9321		9322		9326		9329		9340		9349		9351		9364		9365		9366		
9369		9370		9374		9380		9380		9383		9395		9396		9398		9400		
9405		9405		9410		9411		9412		9423		9430		9430		9435		9436		
9440		9442		9446		9447		9449		9457		9457		9459		9462		9475		
9479		9483		9485		9488		9490		9493		9494		9494		9496		9498		
9500		9503		9505		9505		9508		9514		9515		9517		9518		9518		
9522		9525		9531		9533		9535		9538		9538		9546		9549		9550		
9555		9565		9578		9581		9583		9584		9589		9597		9602		9604		
9610		9614		9615		9615		9615		9616		9627		9632		9642		9648		
9650		9659		9659		9661		9662		9670		9670		9673		9674		9675		
9682		9684		9686		9687		9687		9688		9689		9690		9690		9696		
9702		9703		9709		9711		9712		9713		9717		9719		9721		9722		
9726		9726		9730		9734		9734		9746		9746		9751		9755		9756		
9761		9762		9765		9766		9767		9777		9779		9779		9782		9790		
9792		9793		9793		9794		9797		9800		9804		9810		9820		9825		
9825		9830		9831		9831		9837		9839		9843		9843		9846		9848		
9848		9857		9857		9859		9865		9866		9878		9882		9884		9886		
9888		9888		9889		9890		9892		9893		9894		9897		9897		9901		
9901		9902		9905		9906		9913		9914		9920		9922		9922		9923		
9923		9931		9934		9945		9947		9952		9953		9954		9954		9961		
9968		9972		9973		9974		9982		9983		9984		9987		9987		9995		
9999		10001		10006		10010		10017		10018		10021		10021		10023		10024		
10026		10033		10033		10038		10046		10050		10051		10052		10052		10053		
10054		10059		10060		10068		10069		10074		10075		10077		10081		10084		
10087		10088		10088		10094		10096		10097		10100		10101		10108		10111		
10116		10119		10122		10127		10131		10150		10151		10158		10160		10162		
10166		10172		10173		10177		10180		10183		10183		10185		10186		10192		
10196		10197		10203		10208		10209		10213		10217		10228		10230		10232		
10233		10235		10235		10238		10238		10239		10246		10252		10253		10256		
10257		10259		10261		10264		10264		10265		10267		10269		10270		10271		
10274		10285		10289		10292		10294		10296		10299		10303		10306		10306		
10308		10308		10314		10316		10317		10324		10327		10328		10329		10334		
10335		10341		10342		10343		10345		10349		10350		10357		10362		10365		
10375		10376		10382		10382		10385		10389		10391		10394		10395		10399		
10400		10402		10402		10406		10407		10408		10409		10417		10418		10422		
10423		10426		10430		10431		10431		10434		10434		10437		10439		10441		
10445		10447		10449		10454		10458		10458		10462		10474		10475		10476		
10476		10477		10478		10479		10482		10487		10488		10491		10492		10492		
10493		10499		10500		10501		10503		10510		10512		10515		10518		10530		
10531		10532		10538		10539		10539		10539		10540		10549		10552		10556		
10557		10563		10564		10570		10572		10573		10578		10580		10581		10588		
10597		10603		10606		10608		10609		10609		10610		10611		10613		10616		
10625		10626		10629		10633		10636		10639		10639		10641		10642		10643		
10646		10646		10648		10650		10654		10657		10658		10666		10667		10670		
10671		10672		10673		10675		10680		10686		10691		10695		10700		10701		
10701		10703		10707		10708		10709		10716		10717		10720		10721		10722		
10732		10733		10739		10741		10744		10747		10747		10752		10752		10753		
10758		10759		10763		10765		10767		10767		10769		10770		10776		10783		
10786		10790		10790		10793		10794		10795		10799		10801		10803		10805		
10806		10808		10817		10817		10818		10830		10835		10840		10840		10840		
10841		10843		10843		10843		10849		10851		10852		10853		10865		10866		
10872		10872		10872		10873		10873		10885		10885		10892		10898		10911		
10924		10929		10930		10935		10939		10940		10942		10944		10946		10958		
10960		10963		10966		10966		10967		10967		10968		10973		10983		10989		
10991		10995		10995		10996		11001		11001		11003		11003		11014		11014		
11020		11024		11028		11029		11031		11034		11034		11036		11036		11041		
11042		11043		11044		11044		11050		11053		11058		11075		11078		11079		
11080		11080		11082		11083		11083		11089		11090		11090		11090		11098		
11107		11114		11115		11115		11116		11117		11119		11121		11125		11126		
11130		11133		11137		11138		11139		11141		11146		11148		11151		11151		
11151		11156		11158		11166		11172		11172		11176		11176		11177		11181		
11182		11189		11196		11202		11205		11209		11212		11217		11219		11222		
11224		11225		11226		11228		11230		11230		11231		11231		11236		11236		
11248		11250		11251		11257		11259		11260		11271		11272		11273		11273		
11276		11279		11280		11282		11282		11283		11287		11290		11298		11305		
11305		11315		11316		11319		11324		11325		11331		11331		11333		11334		
11350		11357		11358		11365		11365		11369		11381		11384		11389		11391		
11398		11399		11403		11405		11413		11414		11415		11419		11419		11439		
11444		11452		11455		11459		11461		11463		11464		11470		11477		11480		
11480		11484		11487		11488		11491		11493		11500		11505		11505		11510		
11512		11516		11520		11527		11528		11536		11543		11546		11546		11548		
11550		11555		11559		11560		11561		11566		11572		11572		11573		11578		
11579		11581		11583		11588		11588		11591		11601		11601		11614		11619		
11624		11625		11630		11632		11633		11636		11639		11640		11642		11647		
11647		11649		11659		11662		11667		11669		11672		11683		11684		11687		
11688		11691		11696		11697		11697		11698		11702		11703		11708		11708		
11708		11709		11712		11717		11719		11720		11723		11724		11729		11734		
11745		11746		11749		11751		11755		11763		11763		11768		11775		11778		
11782		11796		11797		11799		11800		11802		11806		11811		11812		11816		
11821		11821		11833		11834		11839		11840		11847		11847		11856		11858		
11858		11862		11862		11863		11863		11864		11865		11874		11875		11878		
11880		11881		11882		11883		11884		11885		11885		11890		11904		11904		
11907		11908		11908		11912		11913		11913		11926		11935		11935		11936		
11938		11944		11946		11948		11951		11951		11959		11965		11968		11975		
11977		11981		11984		11984		11985		11990		11990		11996		12003		12008		
12011		12015		12018		12025		12035		12036		12045		12046		12050		12051		
12053		12054		12054		12066		12069		12072		12077		12086		12087		12088		
12090		12091		12094		12101		12104		12110		12110		12111		12112		12116		
12124		12131		12139		12144		12144		12145		12146		12151		12152		12157		
12161		12162		12163		12164		12165		12170		12174		12179		12181		12183		
12183		12184		12190		12195		12199		12206		12213		12214		12221		12225		
12228		12230		12230		12234		12236		12237		12238		12242		12246		12249		
12252		12252		12259		12260		12264		12264		12274		12279		12282		12285		
12288		12294		12299		12302		12305		12308		12310		12310		12311		12312		
12314		12317		12318		12320		12325		12329		12329		12330		12330		12331		
12337		12337		12340		12342		12343		12347		12350		12351		12356		12358		
12365		12366		12370		12371		12378		12384		12385		12386		12392		12392		
12395		12396		12396		12398		12399		12403		12403		12410		12413		12420		
12422		12422		12423		12425		12440		12444		12446		12450		12450		12451		
12464		12473		12474		12475		12476		12477		12481		12481		12486		12488		
12491		12494		12495		12496		12499		12504		12513		12522		12528		12530		
12535		12545		12545		12551		12552		12553		12554		12555		12558		12558		
12562		12570		12583		12586		12590		12595		12596		12598		12600		12600		
12601		12602		12603		12603		12605		12607		12609		12611		12616		12617		
12619		12621		12624		12625		12626		12628		12628		12628		12630		12634		
12635		12638		12645		12646		12647		12647		12649		12667		12669		12670		
12671		12674		12678		12678		12685		12685		12692		12695		12697		12698		
12699		12704		12708		12710		12715		12720		12721		12723		12723		12726		
12735		12736		12751		12760		12764		12766		12767		12767		12771		12778		
12785		12789		12792		12795		12798		12808		12808		12815		12818		12819		
12826		12827		12831		12831		12846		12846		12846		12847		12850		12854		
12857		12860		12863		12863		12864		12867		12875		12879		12887		12887		
12889		12889		12900		12903		12905		12913		12915		12920		12920		12922		
12923		12924		12933		12935		12938		12943		12946		12951		12951		12954		
12959		12964		12969		12972		12982		12983		12984		12987		12989		12998		
13004		13006		13006		13012		13015		13015		13019		13020		13023		13030		
13039		13042		13054		13055		13056		13056		13057		13058		13061		13067		
13070		13071		13073		13077		13077		13079		13085		13088		13089		13089		
13091		13097		13100		13104		13108		13111		13113		13114		13114		13115		
13122		13131		13131		13133		13138		13141		13143		13145		13150		13156		
13157		13158		13165		13168		13171		13181		13185		13196		13201		13204		
13207		13209		13216		13216		13221		13222		13225		13225		13226		13233		
13234		13235		13249		13251		13256		13263		13267		13271		13272		13274		
13274		13277		13278		13287		13288		13290		13294		13298		13301		13302		
13308		13315		13316		13316		13321		13324		13328		13328		13330		13332		
13333		13336		13337		13337		13349		13349		13350		13358		13365		13377		
13378		13384		13397		13397		13401		13402		13402		13406		13406		13415		
13430		13431		13433		13441		13445		13452		13457		13460		13463		13463		
13467		13477		13478		13478		13483		13487		13490		13494		13498		13499		
13500		13502		13502		13505		13512		13523		13527		13529		13538		13554		
13554		13559		13560		13563		13570		13570		13570		13575		13578		13582		
13585		13587		13589		13591		13594		13595		13602		13605		13612		13613		
13619		13622		13629		13637		13642		13645		13646		13646		13648		13649		
13651		13651		13655		13664		13664		13664		13667		13678		13679		13684		
13686		13692		13692		13700		13703		13705		13705		13709		13711		13718		
13719		13722		13741		13743		13744		13745		13745		13745		13752		13758		
13769		13773		13777		13779		13779		13779		13780		13788		13798		13800		
13805		13806		13807		13809		13814		13817		13817		13820		13821		13825		
13827		13830		13831		13838		13842		13846		13848		13850		13857		13858		
13861		13863		13866		13869		13869		13875		13876		13884		13887		13893		
13895		13897		13902		13903		13905		13910		13910		13913		13917		13917		
13920		13921		13922		13926		13931		13939		13945		13947		13951		13954		
13955		13959		13961		13965		13966		13969		13971		13972		13980		13980		
13980		13982		13982		13989		13992		13992		13993		14000		14003		14004		
14008		14010		14013		14016		14017		14022		14032		14038		14041		14042		
14043		14045		14045		14055		14057		14059		14059		14059		14066		14067		
14067		14068		14072		14081		14084		14084		14089		14090		14092		14095		
14099		14100		14101		14111		14115		14116		14116		14119		14121		14126		
14127		14130		14134		14135		14140		14143		14144		14151		14153		14153		
14163		14163		14163		14163		14168		14169		14173		14183		14183		14202		
14207		14209		14225		14226		14233		14242		14242		14244		14247		14247		
14250		14257		14260		14260		14261		14264		14264		14265		14266		14267		
14270		14271		14276		14279		14281		14284		14284		14285		14288		14293		
14298		14302		14303		14307		14314		14317		14319		14324		14324		14325		
14327		14328		14333		14340		14342		14344		14346		14349		14350		14359		
14361		14365		14365		14367		14372		14373		14377		14392		14395		14397		
14403		14404		14405		14406		14406		14411		14421		14421		14422		14428		
14438		14438		14441		14447		14447		14449		14452		14459		14468		14471		
14473		14474		14479		14484		14487		14493		14502		14502		14504		14504		
14507		14518		14522		14526		14528		14530		14532		14535		14537		14537		
14541		14543		14543		14544		14546		14546		14549		14552		14553		14554		
14556		14560		14562		14566		14566		14569		14579		14580		14587		14588		
14602		14604		14605		14607		14609		14613		14617		14618		14626		14628		
14628		14631		14632		14636		14639		14642		14645		14645		14646		14650		
14656		14657		14659		14659		14661		14663		14666		14677		14678		14679		
14685		14686		14692		14695		14697		14698		14698		14700		14701		14705		
14705		14706		14707		14708		14721		14728		14729		14732		14737		14738		
14745		14748		14751		14752		14762		14765		14766		14767		14772		14772		
14779		14779		14781		14790		14791		14798		14802		14802		14802		14802		
14803		14804		14809		14809		14809		14814		14816		14816		14818		14818		
14822		14829		14832		14833		14840		14845		14847		14848		14848		14849		
14850		14851		14855		14859		14867		14872		14873		14876		14877		14880		
14889		14889		14890		14894		14907		14907		14907		14908		14914		14917		
14919		14920		14925		14929		14931		14933		14935		14935		14936		14937		
14939		14939		14945		14947		14952		14953		14962		14964		14975		14977		
14980		14984		14986		14987		14991		14995		14996		14999		15003		15007		
15011		15017		15020		15020		15021		15029		15030		15031		15034		15035		
15038		15044		15045		15045		15049		15056		15056		15058		15062		15065		
15070		15071		15073		15076		15076		15082		15084		15085		15097		15098		
15103		15105		15108		15108		15109		15114		15114		15123		15127		15137		
15138		15138		15139		15141		15146		15148		15149		15149		15152		15156		
15162		15163		15164		15166		15167		15168		15169		15171		15178		15179		
15183		15185		15187		15198		15199		15199		15201		15207		15210		15210		
15211		15213		15223		15224		15236		15239		15240		15241		15241		15242		
15248		15248		15250		15250		15250		15252		15253		15270		15271		15275		
15281		15287		15290		15291		15295		15296		15297		15297		15298		15299		
15302		15305		15308		15310		15310		15314		15318		15318		15319		15328		
15328		15328		15330		15344		15353		15358		15359		15362		15367		15371		
15372		15382		15384		15391		15394		15402		15405		15406		15407		15410		
15417		15417		15418		15422		15428		15429		15433		15433		15436		15438		
15442		15443		15445		15445		15446		15446		15448		15455		15456		15456		
15467		15470		15472		15474		15479		15480		15481		15483		15483		15484		
15489		15490		15499		15501		15511		15511		15513		15515		15529		15529		
15533		15534		15540		15542		15549		15550		15550		15550		15553		15554		
15556		15563		15565		15566		15567		15569		15579		15580		15580		15584		
15585		15593		15598		15598		15599		15605		15605		15609		15619		15626		
15627		15629		15629		15629		15632		15635		15636		15639		15640		15643		
15645		15647		15648		15655		15655		15656		15659		15659		15665		15666		
15668		15673		15675		15686		15689		15690		15691		15691		15696		15698		
15699		15701		15705		15707		15707		15708		15709		15710		15711		15714		
15716		15718		15722		15728		15731		15734		15738		15740		15742		15744		
15747		15747		15748		15751		15751		15752		15757		15762		15769		15774		
15784		15784		15790		15790		15795		15799		15817		15818		15832		15833		
15834		15846		15847		15850		15850		15855		15856		15862		15864		15865		
15866		15872		15883		15885		15890		15892		15905		15915		15916		15920		
15932		15933		15934		15937		15939		15943		15955		15956		15957		15957		
15957		15968		15973		15978		15979		15982		15988		15989		15996		16002		
16005		16007		16009		16012		16014		16015		16017		16021		16026		16033		
16033		16038		16041		16043		16048		16050		16055		16057		16059		16061		
16066		16075		16077		16078		16089		16091		16100		16101		16101		16107		
16109		16114		16118		16118		16120		16121		16126		16128		16131		16138		
16144		16146		16151		16151		16155		16157		16157		16157		16157		16159		
16162		16163		16164		16168		16172		16176		16177		16181		16182		16184		
16188		16189		16191		16194		16202		16222		16226		16233		16249		16250		
16250		16251		16258		16261		16262		16265		16267		16268		16273		16274		
16275		16276		16285		16290		16290		16292		16296		16296		16299		16300		
16311		16311		16312		16315		16320		16323		16331		16332		16338		16338		
16347		16347		16352		16353		16359		16367		16371		16375		16380		16380		
16384		16389		16390		16391		16399		16401		16403		16403		16405		16412		
16422		16423		16423		16426		16430		16451		16456		16457		16458		16460		
16462		16463		16463		16464		16465		16474		16476		16478		16479		16480		
16480		16483		16484		16486		16492		16492		16493		16495		16498		16506		
16510		16511		16514		16515		16515		16518		16518		16520		16523		16523		
16523		16525		16529		16542		16543		16545		16546		16550		16552		16556		
16558		16561		16569		16574		16583		16586		16586		16588		16593		16599		
16602		16607		16615		16621		16622		16632		16633		16638		16641		16642		
16647		16647		16651		16652		16657		16658		16661		16663		16666		16667		
16670		16670		16670		16676		16678		16680		16692		16694		16696		16702		
16704		16708		16709		16710		16713		16714		16723		16728		16732		16735		
16735		16736		16738		16740		16746		16748		16748		16751		16754		16755		
16764		16767		16770		16774		16776		16777		16778		16782		16785		16787		
16790		16791		16793		16796		16800		16803		16804		16805		16806		16807		
16808		16811		16816		16822		16825		16825		16827		16830		16833		16843		
16845		16845		16846		16860		16866		16866		16873		16876		16878		16894		
16895		16904		16906		16907		16908		16908		16918		16922		16923		16925		
16926		16926		16929		16929		16929		16934		16935		16937		16937		16940		
16941		16942		16942		16945		16946		16948		16953		16956		16971		16981		
16981		16994		16995		16996		17005		17008		17011		17012		17012		17014		
17016		17021		17024		17031		17035		17035		17040		17043		17047		17048		
17051		17055		17058		17059		17062		17064		17065		17072		17074		17074		
17076		17076		17076		17077		17077		17079		17085		17088		17088		17091		
17094		17098		17109		17110		17110		17114		17121		17123		17129		17131		
17135		17137		17138		17139		17139		17140		17144		17147		17151		17151		
17152		17153		17154		17155		17158		17161		17164		17164		17165		17170		
17170		17172		17173		17183		17186		17189		17191		17192		17197		17198		
17198		17200		17202		17203		17211		17214		17215		17215		17218		17233		
17234		17234		17237		17238		17244		17244		17252		17254		17255		17261		
17262		17265		17282		17290		17291		17293		17299		17300		17310		17323		
17324		17325		17325		17326		17331		17331		17336		17336		17337		17338		
17339		17340		17340		17346		17348		17349		17358		17360		17361		17370		
17385		17388		17393		17397		17397		17403		17407		17408		17409		17415		
17421		17430		17433		17436		17439		17443		17445		17446		17454		17455		
17458		17462		17468		17476		17480		17481		17483		17484		17484		17485		
17486		17488		17492		17498		17501		17503		17506		17508		17510		17516		
17516		17519		17528		17529		17534		17540		17541		17541		17544		17545		
17545		17550		17552		17561		17563		17569		17580		17583		17587		17589		
17595		17603		17606		17610		17613		17613		17620		17622		17624		17625		
17626		17635		17640		17641		17647		17649		17652		17652		17653		17659		
17662		17662		17663		17664		17668		17670		17678		17679		17686		17690		
17691		17701		17702		17703		17704		17706		17708		17708		17710		17714		
17716		17722		17722		17723		17726		17729		17730		17732		17734		17736		
17737		17745		17745		17749		17757		17757		17760		17763		17772		17773		
17774		17776		17783		17786		17788		17792		17794		17796		17796		17802		
17803		17804		17809		17817		17819		17819		17820		17821		17831		17834		
17836		17839		17848		17867		17868		17881		17892		17892		17894		17894		
17900		17903		17905		17908		17910		17911		17916		17923		17924		17925		
17926		17928		17950		17950		17953		17953		17961		17964		17966		17969		
17971		17971		17972		17973		17975		17980		17983		17989		17990		17992		
17993		17996		17997		17999		18001		18002		18006		18011		18014		18023		
18025		18028		18032		18032		18033		18037		18038		18040		18043		18048		
18049		18055		18066		18068		18069		18075		18075		18076		18079		18085		
18086		18089		18091		18094		18095		18102		18110		18116		18118		18121		
18122		18125		18126		18129		18131		18131		18135		18136		18138		18139		
18141		18142		18145		18147		18157		18158		18158		18159		18166		18174		
18178		18179		18184		18185		18194		18199		18199		18202		18207		18207		
18209		18212		18215		18215		18216		18216		18220		18220		18227		18229		
18232		18233		18235		18245		18246		18246		18246		18250		18250		18254		
18257		18259		18263		18268		18272		18273		18275		18282		18287		18288		
18290		18291		18291		18291		18293		18294		18295		18303		18315		18317		
18324		18324		18327		18330		18330		18331		18332		18333		18336		18336		
18337		18339		18347		18353		18353		18360		18365		18370		18381		18383		
18385		18386		18400		18401		18402		18405		18408		18409		18414		18416		
18418		18421		18424		18427		18428		18433		18440		18442		18445		18449		
18452		18455		18458		18469		18469		18473		18474		18482		18485		18496		
18497		18506		18509		18513		18518		18518		18518		18522		18524		18528		
18531		18538		18539		18542		18543		18544		18544		18546		18551		18551		
18551		18556		18556		18566		18567		18572		18574		18578		18582		18582		
18587		18588		18590		18597		18599		18600		18603		18606		18606		18615		
18617		18621		18622		18622		18622		18623		18625		18627		18629		18633		
18639		18644		18645		18646		18648		18654		18660		18667		18676		18679		
18681		18685		18686		18688		18690		18696		18702		18704		18713		18717		
18717		18718		18724		18725		18725		18726		18728		18729		18729		18733		
18733		18735		18737		18740		18742		18753		18757		18760		18761		18763		
18766		18767		18772		18774		18774		18774		18775		18776		18777		18780		
18782		18783		18784		18795		18798		18801		18804		18809		18811		18814		
18816		18816		18817		18819		18822		18824		18834		18835		18840		18842		
18848		18851		18864		18870		18872		18878		18880		18886		18886		18888		
18891		18907		18911		18914		18914		18926		18927		18930		18932		18934		
18935		18936		18939		18941		18942		18943		18950		18956		18958		18959		
18962		18965		18966		18968		18974		18976		18982		18983		18983		18983		
18987		18989		18989		18990		18990		18992		18995		18998		19001		19001		
19004		19007		19015		19017		19019		19021		19026		19027		19030		19031		
19032		19039		19039		19040		19041		19042		19047		19056		19057		19064		
19066		19072		19074		19083		19090		19101		19104		19107		19108		19110		
19111		19112		19113		19115		19117		19120		19123		19148		19150		19153		
19153		19158		19163		19166		19173		19176		19193		19199		19200		19202		
19204		19206		19211		19212		19213		19217		19218		19219		19221		19222		
19223		19238		19239		19241		19242		19242		19249		19255		19257		19257		
19258		19263		19274		19275		19280		19283		19283		19289		19297		19300		
19300		19301		19309		19311		19316		19317		19317		19318		19323		19326		
19328		19346		19352		19352		19357		19361		19364		19365		19365		19370		
19371		19379		19391		19395		19397		19399		19401		19402		19405		19412		
19413		19420		19429		19429		19430		19432		19433		19433		19434		19435		
19435		19436		19442		19443		19454		19455		19460		19461		19461		19467		
19467		19469		19474		19476		19479		19479		19481		19487		19489		19489		
19493		19496		19501		19512		19516		19524		19526		19526		19531		19537		
19538		19541		19542		19543		19547		19549		19550		19551		19552		19553		
19553		19553		19554		19555		19555		19562		19563		19564		19564		19565		
19569		19570		19573		19575		19591		19591		19593		19598		19600		19600		
19600		19614		19618		19620		19620		19621		19622		19631		19637		19640		
19642		19648		19654		19655		19660		19662		19668		19669		19672		19672		
19674		19675		19677		19688		19694		19696		19704		19708		19708		19728		
19736		19739		19741		19749		19749		19751		19758		19760		19769		19770		
19773		19777		19777		19783		19785		19788		19789		19792		19795		19798		
19802		19814		19826		19826		19826		19827		19828		19832		19840		19842		
19858		19859		19860		19862		19863		19864		19867		19867		19869		19871		
19872		19881		19887		19889		19898		19899		19900		19902		19906		19917		
19926		19931		19933		19939		19940		19943		19948		19949		19954		19955		
19958		19960		19961		19965		19966		19973		19973		19977		19980		19982		
19986		19993		19994		20003		20005		20009		20010		20012		20013		20016		
20020		20021		20024		20025		20028		20034		20038		20041		20041		20048		
20055		20055		20058		20061		20064		20065		20068		20068		20072		20075		
20079		20079		20080		20083		20086		20093		20097		20097		20098		20104		
20106		20107		20113		20118		20119		20121		20122		20122		20122		20124		
20128		20134		20137		20139		20140		20141		20144		20146		20147		20152		
20153		20161		20166		20167		20167		20170		20178		20180		20180		20181		
20183		20186		20187		20189		20191		20192		20193		20194		20197		20199		
20199		20203		20204		20204		20206		20209		20212		20213		20213		20215		
20220		20220		20222		20222		20224		20229		20236		20248		20249		20256		
20260		20262		20266		20273		20275		20278		20279		20281		20283		20286		
20286		20299		20300		20317		20329		20332		20332		20342		20352		20355		
20356		20361		20364		20375		20376		20377		20379		20385		20387		20388		
20390		20391		20394		20398		20404		20417		20418		20422		20427		20432		
20435		20448		20450		20450		20450		20450		20451		20453		20456		20457		
20462		20463		20466		20468		20469		20472		20478		20481		20481		20483		
20485		20496		20503		20515		20524		20524		20530		20532		20534		20534		
20539		20540		20545		20546		20547		20550		20554		20554		20555		20560		
20564		20575		20576		20578		20579		20585		20588		20588		20593		20597		
20600		20603		20608		20614		20615		20620		20623		20626		20626		20627		
20628		20628		20634		20635		20641		20644		20646		20646		20648		20649		
20651		20652		20663		20667		20669		20670		20672		20679		20679		20681		
20685		20686		20691		20695		20698		20702		20705		20711		20714		20725		
20733		20734		20740		20741		20743		20745		20750		20752		20752		20762		
20765		20765		20772		20774		20774		20776		20777		20777		20778		20782		
20784		20786		20786		20787		20788		20788		20794		20794		20799		20808		
20809		20814		20822		20828		20833		20838		20841		20844		20848		20850		
20857		20862		20868		20873		20884		20890		20890		20896		20909		20911		
20914		20920		20920		20924		20925		20928		20928		20930		20932		20933		
20939		20940		20943		20944		20945		20947		20950		20951		20951		20956		
20956		20960		20961		20974		20982		20990		20991		20991		20999		20999		
21007		21009		21011		21012		21018		21021		21024		21026		21027		21027		
21030		21031		21041		21043		21045		21058		21059		21062		21065		21068		
21068		21068		21071		21073		21075		21076		21076		21076		21079		21080		
21083		21085		21085		21088		21091		21092		21093		21094		21095		21099		
21106		21114		21118		21119		21126		21130		21144		21145		21153		21161		
21163		21164		21169		21177		21179		21180		21185		21190		21195		21207		
21208		21210		21210		21219		21223		21226		21237		21238		21239		21240		
21241		21244		21247		21256		21261		21261		21263		21263		21270		21276		
21276		21292		21308		21309		21309		21311		21312		21315		21317		21318		
21321		21327		21328		21329		21329		21332		21334		21338		21342		21344		
21358		21360		21362		21364		21368		21369		21369		21371		21373		21377		
21378		21386		21392		21393		21394		21396		21396		21396		21402		21405		
21407		21411		21418		21424		21431		21432		21433		21440		21442		21443		
21452		21454		21454		21456		21457		21463		21467		21467		21468		21485		
21486		21486		21487		21488		21491		21495		21496		21499		21502		21524		
21528		21532		21535		21540		21543		21543		21545		21546		21551		21555		
21556		21565		21568		21572		21574		21577		21582		21582		21583		21584		
21585		21586		21589		21593		21595		21603		21616		21619		21621		21625		
21628		21638		21638		21638		21639		21647		21649		21655		21659		21660		
21664		21673		21673		21675		21677		21685		21688		21699		21703		21704		
21708		21710		21712		21726		21730		21736		21739		21742		21743		21751		
21756		21758		21761		21763		21770		21771		21779		21784		21788		21793		
21796		21796		21799		21800		21804		21806		21807		21808		21810		21812		
21814		21816		21822		21824		21826		21831		21832		21833		21847		21847		
21847		21847		21849		21850		21852		21858		21859		21860		21870		21870		
21870		21877		21879		21879		21884		21888		21889		21889		21892		21896		
21898		21904		21906		21907		21909		21916		21918		21921		21922		21928		
21928		21930		21936		21938		21951		21962		21962		21964		21968		21969		
21970		21982		21983		21985		21991		21995		22008		22009		22012		22013		
22013		22018		22021		22029		22029		22038		22039		22039		22041		22047		
22052		22056		22057		22057		22060		22063		22064		22064		22068		22069		
22071		22074		22077		22090		22091		22097		22099		22103		22105		22106		
22110		22111		22112		22119		22121		22125		22125		22132		22134		22138		
22144		22144		22147		22152		22154		22156		22157		22163		22169		22170		
22170		22173		22178		22183		22186		22187		22188		22189		22191		22191		
22193		22194		22201		22207		22210		22215		22226		22227		22231		22231		
22232		22232		22234		22236		22237		22238		22240		22244		22245		22249		
22249		22253		22253		22254		22255		22256		22264		22265		22268		22272		
22277		22283		22287		22289		22291		22296		22297		22308		22309		22309		
22311		22315		22315		22317		22319		22322		22325		22326		22327		22329		
22334		22338		22339		22349		22350		22363		22368		22370		22376		22376		
22388		22391		22394		22397		22399		22408		22408		22409		22409		22410		
22417		22423		22427		22430		22433		22433		22434		22434		22437		22441		
22445		22445		22447		22447		22449		22459		22466		22467		22472		22476		
22476		22477		22481		22483		22483		22493		22494		22504		22505		22509		
22516		22520		22520		22523		22528		22529		22529		22531		22539		22550		
22557		22559		22561		22567		22568		22569		22571		22573		22577		22578		
22578		22578		22580		22587		22588		22591		22593		22595		22598		22603		
22603		22605		22606		22609		22616		22617		22617		22620		22626		22633		
22635		22635		22639		22641		22644		22645		22647		22654		22655		22656		
22658		22666		22669		22672		22673		22676		22678		22680		22690		22690		
22690		22691		22692		22694		22698		22699		22699		22706		22712		22713		
22727		22727		22729		22732		22733		22734		22737		22740		22742		22752		
22758		22760		22763		22764		22786		22786		22791		22801		22804		22807		
22810		22826		22833		22837		22839		22841		22848		22849		22852		22856		
22860		22862		22865		22867		22889		22901		22901		22907		22913		22925		
22930		22930		22940		22947		22951		22955		22963		22967		22970		22976		
22977		22978		22980		22984		22987		22990		22993		22994		22996		23000		
23005		23011		23012		23014		23015		23016		23025		23030		23039		23043		
23043		23045		23045		23046		23047		23048		23048		23057		23060		23060		
23064		23066		23068		23073		23075		23076		23076		23079		23089		23090		
23090		23095		23097		23100		23100		23108		23111		23112		23112		23116		
23123		23124		23137		23137		23138		23141		23142		23142		23145		23146		
23156		23156		23159		23165		23167		23167		23169		23172		23172		23174		
23174		23178		23180		23182		23183		23188		23188		23189		23193		23205		
23207		23207		23212		23215		23224		23225		23227		23229		23235		23251		
23256		23259		23262		23267		23268		23274		23278		23279		23282		23286		
23289		23298		23300		23301		23302		23304		23309		23311		23324		23324		
23327		23329		23335		23339		23341		23342		23348		23356		23361		23367		
23368		23369		23377		23381		23383		23384		23388		23390		23391		23394		
23403		23406		23406		23407		23410		23412		23415		23422		23423		23426		
23431		23434		23435		23435		23440		23450		23450		23452		23462		23463		
23463		23465		23467		23470		23474		23480		23482		23489		23490		23491		
23496		23500		23501		23502		23507		23510		23511		23514		23514		23514		
23516		23517		23523		23524		23524		23526		23528		23530		23531		23540		
23543		23545		23545		23547		23549		23552		23552		23553		23558		23561		
23563		23572		23580		23581		23587		23588		23589		23591		23594		23600		
23603		23603		23606		23607		23610		23613		23613		23614		23617		23618		
23634		23636		23643		23653		23661		23661		23663		23665		23668		23675		
23681		23687		23690		23691		23702		23705		23712		23719		23725		23728		
23729		23732		23747		23752		23754		23755		23756		23758		23762		23764		
23770		23775		23777		23779		23779		23790		23791		23791		23793		23797		
23818		23828		23831		23833		23836		23838		23840		23844		23850		23850		
23859		23861		23865		23867		23868		23875		23883		23887		23889		23890		
23893		23894		23899		23900		23903		23904		23904		23909		23909		23911		
23916		23916		23920		23921		23924		23930		23934		23935		23936		23939		
23942		23951		23953		23956		23963		23973		23975		23981		23983		23988		
23989		23990		23992		23995		23996		24002		24003		24003		24004		24005		
24005		24011		24013		24014		24015		24016		24018		24019		24020		24021		
24022		24023		24024		24027		24028		24030		24031		24035		24035		24040		
24042		24057		24067		24070		24073		24076		24078		24079		24085		24087		
24087		24091		24091		24093		24102		24102		24103		24105		24106		24109		
24110		24116		24120		24130		24134		24144		24149		24151		24153		24160		
24161		24165		24167		24170		24171		24175		24185		24187		24192		24193		
24193		24195		24196		24196		24196		24204		24204		24204		24210		24212		
24214		24219		24227		24237		24244		24245		24249		24250		24252		24258		
24259		24260		24264		24265		24267		24271		24271		24272		24274		24279		
24282		24287		24289		24293		24299		24303		24308		24308		24309		24310		
24313		24317		24318		24320		24320		24325		24326		24331		24332		24336		
24343		24349		24357		24359		24365		24371		24380		24383		24384		24384		
24384		24387		24393		24398		24399		24400		24401		24401		24407		24407		
24411		24422		24424		24425		24430		24432		24433		24433		24434		24436		
24436		24436		24438		24440		24441		24444		24446		24448		24451		24454		
24457		24458		24460		24468		24469		24472		24476		24477		24480		24480		
24483		24486		24491		24494		24495		24497		24505		24508		24510		24510		
24512		24514		24523		24525		24525		24528		24536		24543		24547		24547		
24553		24554		24555		24555		24561		24562		24564		24579		24585		24588		
24594		24599		24604		24610		24617		24618		24620		24623		24625		24627		
24631		24633		24635		24640		24646		24651		24655		24656		24659		24660		
24661		24663		24669		24673		24684		24685		24691		24693		24718		24723		
24727		24727		24728		24728		24733		24736		24736		24737		24739		24740		
24743		24753		24754		24754		24754		24757		24758		24759		24759		24761		
24764		24766		24766		24772		24774		24774		24776		24785		24791		24792		
24792		24793		24793		24794		24800		24802		24805		24809		24811		24814		
24817		24817		24818		24820		24821		24822		24823		24825		24828		24828		
24829		24833		24835		24841		24841		24841		24847		24852		24852		24856		
24856		24858		24858		24860		24865		24866		24876		24877		24878		24880		
24884		24896		24897		24900		24907		24910		24910		24912		24914		24916		
24918		24919		24921		24922		24934		24940		24942		24949		24952		24954		
24957		24958		24965		24966		24970		24976		24984		24989		24990		24990		
24990		24993		24995		25001		25014		25020		25020		25024		25024		25024		
25028		25030		25031		25033		25036		25039		25040		25042		25045		25047		
25052		25055		25058		25059		25060		25060		25060		25063		25066		25070		
25075		25084		25088		25093		25094		25103		25104		25108		25109		25113		
25113		25114		25116		25120		25136		25140		25146		25148		25148		25149		
25150		25158		25158		25160		25160		25161		25164		25168		25170		25174		
25175		25182		25186		25190		25191		25192		25204		25204		25206		25212		
25214		25214		25215		25220		25228		25229		25234		25235		25235		25236		
25241		25242		25243		25244		25250		25255		25258		25260		25262		25273		
25275		25277		25277		25280		25298		25299		25299		25299		25302		25304		
25306		25313		25314		25318		25321		25330		25331		25331		25334		25336		
25337		25343		25349		25359		25360		25361		25365		25369		25371		25372		
25373		25377		25378		25381		25385		25388		25388		25394		25403		25406		
25409		25411		25413		25419		25427		25429		25443		25445		25449		25453		
25455		25455		25457		25459		25460		25462		25463		25465		25466		25473		
25474		25476		25478		25478		25480		25483		25492		25498		25511		25511		
25513		25514		25516		25519		25524		25526		25527		25527		25530		25531		
25538		25539		25541		25549		25552		25552		25557		25559		25562		25564		
25567		25570		25571		25576		25576		25580		25584		25584		25586		25593		
25596		25596		25597		25597		25600		25600		25605		25607		25610		25614		
25615		25616		25623		25627		25627		25634		25638		25640		25641		25643		
25643		25646		25648		25655		25657		25664		25665		25667		25667		25667		
25668		25669		25680		25682		25683		25684		25688		25699		25702		25703		
25706		25707		25710		25710		25713		25716		25717		25725		25725		25739		
25741		25743		25746		25746		25751		25754		25756		25757		25758		25758		
25759		25761		25765		25766		25768		25770		25771		25773		25776		25782		
25783		25785		25793		25800		25800		25803		25813		25815		25824		25830		
25832		25833		25839		25840		25841		25846		25846		25850		25853		25853		
25854		25855		25856		25858		25859		25861		25862		25871		25874		25874		
25881		25883		25889		25904		25904		25909		25911		25913		25918		25920		
25924		25927		25927		25929		25931		25935		25937		25938		25942		25950		
25961		25961		25966		25970		25972		25973		25977		25978		25983		25985		
25993		25993		25993		25993		25995		25999		26004		26008		26012		26013		
26027		26027		26027		26028		26030		26031		26039		26039		26040		26044		
26053		26054		26059		26069		26072		26075		26077		26084		26087		26088		
26090		26092		26093		26096		26098		26102		26114		26114		26115		26124		
26128		26141		26143		26145		26150		26155		26157		26161		26163		26163		
26171		26172		26179		26181		26183		26186		26189		26196		26201		26210		
26211		26213		26217		26224		26226		26227		26230		26232		26232		26241		
26242		26248		26252		26257		26261		26263		26266		26267		26269		26277		
26278		26279		26282		26282		26287		26293		26300		26300		26301		26301		
26302		26303		26304		26308		26311		26311		26313		26316		26317		26320		
26321		26326		26327		26330		26330		26335		26343		26345		26348		26349		
26351		26352		26353		26353		26360		26361		26367		26371		26372		26373		
26383		26386		26398		26399		26400		26404		26408		26410		26414		26420		
26421		26421		26422		26422		26422		26426		26430		26436		26441		26445		
26446		26468		26471		26476		26482		26482		26485		26492		26496		26500		
26505		26506		26513		26516		26518		26520		26528		26530		26531		26543		
26544		26547		26550		26553		26553		26555		26556		26560		26560		26562		
26563		26571		26579		26584		26595		26603		26607		26612		26620		26620		
26624		26630		26642		26648		26652		26652		26655		26655		26661		26663		
26665		26674		26680		26680		26682		26690		26693		26698		26700		26705		
26711		26712		26713		26715		26720		26722		26730		26731		26732		26733		
26742		26744		26747		26748		26751		26756		26756		26763		26765		26769		
26774		26775		26779		26786		26788		26790		26790		26790		26794		26801		
26805		26805		26807		26810		26816		26820		26834		26836		26837		26838		
26844		26844		26847		26847		26848		26848		26849		26850		26852		26853		
26856		26862		26865		26866		26872		26873		26875		26880		26880		26883		
26884		26886		26887		26888		26895		26897		26904		26905		26909		26909		
26909		26917		26918		26922		26922		26936		26939		26942		26942		26947		
26948		26949		26951		26954		26963		26967		26968		26968		26970		26971		
26973		26974		26983		26985		26994		26996		27004		27007		27009		27023		
27026		27027		27033		27035		27037		27037		27038		27048		27048		27049		
27053		27053		27057		27066		27067		27071		27072		27079		27080		27081		
27084		27084		27085		27086		27086		27087		27088		27091		27093		27094		
27095		27097		27100		27104		27116		27117		27120		27127		27129		27130		
27136		27139		27143		27146		27148		27151		27157		27171		27177		27189		
27189		27192		27194		27199		27200		27201		27201		27205		27216		27219		
27219		27224		27235		27238		27244		27245		27246		27252		27256		27257		
27260		27264		27267		27269		27278		27282		27291		27291		27292		27293		
27294		27299		27301		27305		27309		27310		27320		27321		27326		27330		
27330		27335		27336		27342		27349		27351		27351		27352		27353		27356		
27356		27357		27358		27363		27364		27366		27378		27381		27382		27390		
27391		27392		27397		27398		27401		27401		27408		27408		27412		27425		
27426		27440		27445		27448		27448		27453		27453		27453		27454		27455		
27457		27461		27465		27465		27467		27473		27473		27474		27476		27479		
27482		27494		27494		27501		27504		27507		27509		27510		27519		27526		
27531		27533		27535		27536		27537		27540		27542		27545		27545		27549		
27549		27561		27561		27565		27567		27569		27571		27578		27578		27585		
27587		27588		27588		27589		27589		27595		27600		27603		27616		27617		
27619		27619		27620		27624		27626		27626		27627		27630		27636		27639		
27639		27641		27646		27648		27651		27653		27655		27659		27660		27661		
27666		27668		27671		27675		27675		27677		27685		27687		27694		27696		
27701		27706		27706		27706		27707		27710		27713		27714		27719		27720		
27721		27724		27726		27728		27729		27734		27742		27743		27745		27748		
27748		27752		27758		27758		27760		27769		27770		27773		27779		27779		
27781		27784		27787		27803		27812		27813		27824		27824		27834		27836		
27838		27845		27847		27849		27849		27851		27852		27852		27853		27856		
27858		27859		27860		27864		27866		27868		27868		27874		27874		27883		
27884		27887		27890		27895		27897		27903		27907		27909		27909		27911		
27913		27916		27917		27917		27919		27919		27925		27928		27928		27943		
27943		27943		27944		27944		27945		27948		27967		27972		27981		27990		
27997		27997		27999		28003		28006		28021		28023		28024		28024		28031		
28039		28040		28041		28042		28047		28048		28050		28055		28056		28064		
28070		28081		28084		28085		28088		28089		28096		28096		28098		28098		
28108		28110		28117		28120		28130		28135		28139		28140		28141		28142		
28143		28144		28147		28154		28155		28159		28159		28163		28172		28174		
28175		28176		28177		28178		28179		28180		28182		28187		28192		28194		
28197		28204		28205		28213		28216		28223		28225		28226		28228		28229		
28236		28240		28240		28241		28241		28243		28246		28250		28256		28259		
28263		28269		28274		28275		28277		28278		28279		28294		28295		28295		
28299		28301		28302		28305		28307		28307		28309		28310		28316		28317		
28324		28327		28329		28331		28339		28345		28349		28349		28350		28357		
28363		28367		28367		28371		28371		28372		28372		28372		28374		28382		
28391		28391		28391		28392		28392		28394		28403		28403		28405		28407		
28408		28411		28416		28416		28418		28418		28418		28424		28428		28433		
28435		28436		28440		28440		28440		28450		28452		28456		28462		28466		
28467		28471		28472		28473		28475		28478		28480		28485		28492		28493		
28493		28498		28506		28506		28507		28509		28511		28512		28528		28528		
28530		28534		28536		28536		28537		28540		28541		28544		28546		28548		
28554		28561		28562		28566		28566		28569		28570		28570		28584		28585		
28589		28590		28590		28591		28597		28600		28601		28604		28606		28606		
28612		28613		28614		28614		28615		28615		28623		28628		28639		28642		
28642		28643		28653		28657		28659		28664		28667		28668		28671		28673		
28676		28678		28680		28683		28685		28697		28700		28705		28709		28710		
28711		28711		28713		28713		28715		28715		28717		28726		28738		28739		
28740		28749		28750		28755		28763		28764		28768		28770		28772		28772		
28774		28775		28777		28778		28782		28783		28789		28789		28790		28791		
28794		28795		28796		28799		28809		28811		28815		28816		28818		28833		
28846		28849		28851		28852		28853		28854		28856		28860		28862		28865		
28866		28866		28869		28875		28876		28882		28885		28887		28887		28896		
28901		28902		28913		28914		28914		28914		28916		28933		28942		28943		
28944		28951		28951		28951		28955		28957		28964		28968		28975		28976		
28976		28977		28980		28985		28988		28999		29000		29005		29013		29022		
29023		29025		29028		29028		29036		29044		29046		29053		29057		29059		
29060		29062		29065		29081		29089		29091		29101		29119		29120		29129		
29130		29133		29134		29134		29137		29147		29150		29151		29155		29156		
29160		29161		29163		29163		29166		29168		29174		29174		29176		29176		
29180		29182		29182		29186		29186		29186		29197		29211		29216		29217		
29217		29220		29223		29232		29235		29235		29240		29242		29247		29254		
29255		29256		29259		29259		29266		29268		29268		29269		29270		29272		
29272		29272		29277		29291		29294		29295		29296		29297		29304		29308		
29312		29312		29315		29315		29315		29315		29316		29318		29320		29327		
29330		29332		29337		29343		29350		29359		29367		29370		29373		29374		
29377		29377		29379		29381		29388		29390		29392		29399		29400		29405		
29409		29409		29419		29427		29427		29430		29438		29444		29445		29453		
29454		29456		29467		29469		29469		29472		29479		29479		29480		29485		
29487		29489		29491		29499		29500		29501		29501		29501		29504		29514		
29517		29517		29519		29520		29526		29526		29526		29540		29542		29546		
29553		29554		29555		29557		29560		29565		29565		29566		29570		29583		
29590		29599		29599		29600		29606		29607		29621		29627		29637		29638		
29638		29643		29647		29655		29661		29665		29669		29675		29677		29683		
29685		29698		29699		29700		29702		29703		29709		29712		29714		29724		
29726		29729		29731		29734		29734		29737		29738		29745		29746		29747		
29751		29752		29752		29757		29761		29763		29763		29764		29764		29778		
29780		29783		29783		29789		29789		29789		29799		29799		29800		29801		
29805		29805		29812		29818		29825		29830		29839		29839		29845		29861		
29867		29870		29872		29874		29875		29875		29876		29877		29881		29886		
29887		29889		29897		29903		29905		29910		29916		29916		29924		29926		
29927		29930		29934		29939		29941		29944		29945		29947		29955		29961		
29963		29964		29969		29980		29988		29991		29994		29998		30012		30020		
30023		30026		30027		30028		30035		30038		30039		30042		30042		30043		
30048		30049		30059		30062		30064		30072		30073		30076		30089		30089		
30093		30102		30112		30114		30115		30118		30121		30123		30124		30130		
30133		30141		30148		30151		30155		30156		30170		30173		30173		30174		
30175		30176		30176		30185		30185		30190		30191		30193		30195		30196		
30199		30201		30205		30208		30209		30211		30211		30219		30219		30233		
30235		30239		30239		30241		30246		30247		30252		30254		30255		30256		
30257		30260		30260		30266		30267		30274		30274		30278		30280		30282		
30283		30283		30285		30287		30289		30291		30295		30299		30313		30314		
30339		30340		30344		30344		30346		30349		30350		30360		30369		30372		
30381		30382		30386		30400		30400		30402		30408		30409		30410		30413		
30424		30430		30432		30433		30445		30452		30453		30455		30457		30463		
30465		30470		30473		30475		30477		30478		30483		30486		30493		30502		
30504		30507		30518		30519		30525		30525		30525		30538		30539		30544		
30550		30552		30552		30553		30554		30560		30561		30565		30578		30581		
30582		30583		30584		30585		30587		30607		30622		30625		30627		30628		
30631		30634		30645		30649		30651		30653		30662		30668		30671		30673		
30673		30680		30682		30683		30688		30688		30689		30693		30700		30701		
30701		30702		30704		30710		30713		30715		30715		30726		30727		30727		
30727		30728		30728		30728		30730		30735		30736		30739		30746		30760		
30762		30765		30768		30783		30783		30786		30789		30790		30803		30805		
30807		30810		30811		30814		30818		30822		30823		30829		30830		30836		
30844		30844		30847		30848		30850		30855		30859		30859		30864		30865		
30867		30868		30877		30884		30889		30889		30890		30894		30896		30900		
30901		30904		30904		30904		30907		30911		30911		30912		30914		30919		
30921		30923		30923		30924		30929		30936		30938		30939		30941		30942		
30944		30946		30948		30953		30954		30955		30960		30962		30963		30963		
30967		30972		30979		30980		30980		30988		30994		30996		30998		31002		
31002		31005		31010		31017		31017		31020		31032		31034		31034		31034		
31044		31045		31048		31050		31057		31059		31064		31064		31064		31064		
31066		31067		31070		31075		31077		31077		31080		31080		31084		31085		
31099		31103		31108		31115		31117		31124		31128		31129		31135		31141		
31144		31147		31148		31148		31148		31149		31154		31158		31158		31164		
31172		31174		31179		31180		31181		31181		31183		31185		31188		31189		
31190		31190		31199		31200		31202		31207		31209		31213		31216		31220		
31220		31223		31226		31228		31230		31233		31236		31237		31252		31255		
31257		31261		31269		31270		31271		31274		31280		31290		31292		31304		
31306		31309		31311		31312		31322		31328		31333		31339		31340		31345		
31349		31356		31360		31361		31373		31375		31378		31379		31382		31390		
31392		31392		31399		31402		31407		31409		31411		31413		31417		31417		
31419		31420		31426		31434		31443		31453		31461		31473		31476		31481		
31482		31484		31484		31484		31488		31488		31490		31493		31493		31493		
31502		31503		31504		31506		31519		31525		31528		31529		31533		31535		
31535		31545		31550		31555		31557		31559		31566		31570		31571		31572		
31577		31582		31583		31586		31591		31593		31601		31612		31617		31619		
31620		31633		31642		31644		31648		31649		31651		31664		31666		31668		
31670		31671		31679		31679		31689		31690		31691		31691		31692		31711		
31712		31714		31718		31725		31734		31742		31746		31752		31762		31763		
31768		31770		31771		31781		31782		31784		31798		31806		31807		31807		
31809		31811		31815		31817		31821		31822		31823		31828		31830		31834		
31836		31837		31847		31850		31853		31857		31858		31861		31868		31873		
31874		31877		31882		31883		31884		31884		31888		31892		31898		31902		
31903		31905		31920		31933		31935		31938		31939		31943		31947		31956		
31957		31957		31960		31967		31969		31969		31971		31980		31985		31985		
31996		31997		32007		32008		32008		32011		32013		32015		32028		32030		
32035		32043		32043		32044		32048		32048		32049		32054		32057		32058		
32060		32065		32067		32068		32078		32081		32085		32099		32101		32104		
32106		32108		32117		32119		32125		32126		32127		32130		32136		32147		
32148		32153		32153		32158		32163		32165		32166		32166		32168		32168		
32174		32175		32178		32179		32187		32188		32195		32196		32197		32202		
32206		32206		32209		32209		32212		32213		32223		32229		32229		32238		
32238		32250		32253		32256		32257		32258		32259		32262		32265		32275		
32277		32278		32292		32300		32301		32302		32306		32308		32310		32312		
32315		32321		32332		32336		32337		32346		32352		32354		32356		32357		
32358		32366		32372		32373		32374		32376		32378		32380		32385		32387		
32393		32394		32399		32400		32403		32407		32411		32413		32415		32416		
32417		32418		32418		32420		32426		32429		32437		32438		32442		32443		
32450		32453		32461		32466		32466		32468		32473		32474		32476		32480		
32482		32483		32485		32493		32494		32496		32498		32499		32512		32514		
32523		32526		32529		32538		32539		32542		32544		32548		32552		32553		
32554		32560		32573		32573		32575		32576		32580		32583		32583		32587		
32587		32595		32597		32605		32607		32607		32615		32617		32623		32624		
32626		32633		32633		32642		32643		32645		32649		32650		32653		32654		
32654		32670		32671		32672		32674		32676		32677		32679		32679		32680		
32690		32694		32695		32700		32704		32705		32708		32708		32716		32725		
32726		32729		32733		32738		32741		32749		32750		32753		32761		