1		1		3		3		3		3		6		6		6		7		
7		9		12		13		14		14		14		16		16		17		
17		17		18		19		19		20		20		22		22		23		
23		23		24		24		25		26		26		27		27		28		
28		29		29		33		37		39		40		40		42		43		
44		44		44		45		46		47		51		51		51		51		
52		53		54		54		56		57		57		58		60		61		
62		63		64		64		65		65		65		66		66		67		
68		68		70		71		72		74		75		76		76		77		
77		78		80		83		85		87		88		89		89		90		
91		91		92		93		94		94		95		95		99		100		
101		101		101		102		102		103		105		107		107		107		
108		108		109		111		111		111		112		115		115		116		
116		118		119		121		122		123		123		123		127		127		
128		128		129		129		129		130		131		131		134		135		
136		136		137		137		138		138		139		141		141		143		
145		146		146		147		149		149		151		151		152		155		
156		157		159		162		162		163		163		164		164		164		
165		165		165		166		167		167		167		167		169		170		
172		172		173		173		173		174		174		176		177		178		
178		179		180		182		183		183		185		187		188		188		
188		190		190		192		192		192		193		193		195		195		
195		197		197		199		199		199		199		199		199		199		
199		201		202		203		203		204		206		208		210		210		
211		212		213		213		213		213		214		214		214		215		
216		216		216		217		217		218		218		220		220		221		
222		222		223		223		223		223		224		226		227		229		
229		229		230		230		231		232		232		232		233		233		
234		234		234		236		239		240		240		241		242		242		
242		243		243		244		245		245		246		246		247		247		
253		255		256		257		258		259		260		261		262		262		
263		263		264		265		267		270		270		272		272		272		
274		274		274		275		275		276		276		277		277		278		
280		280		280		281		281		284		286		286		286		287		
288		288		291		291		293		293		296		298		299		300		
301		302		304		305		306		306		307		308		309		309		
310		312		312		312		313		313		314		316		317		317		
319		320		322		322		324		326		327		328		329		329		
331		332		333		334		336		338		338		339		339		340		
340		341		341		343		344		344		344		345		345		346		
346		346		347		350		351		352		352		353		353		353		
354		354		356		356		356		357		358		359		360		360		
362		363		364		364		364		365		366		367		368		368		
370		372		372		372		373		374		375		376		376		376		
376		376		378		379		379		379		380		380		381		381		
382		385		385		386		389		390		391		393		393		394		
394		396		397		398		401		401		402		402		403		403		
404		405		407		407		408		409		409		409		410		412		
412		412		413		413		413		413		414		417		417		418		
418		418		419		422		423		424		425		425		426		426		
427		428		428		428		428		429		429		430		431		435		
435		435		438		438		439		439		440		440		441		443		
444		445		446		446		447		447		448		449		450		451		
453		453		454		455		456		456		457		458		458		459		
461		463		464		465		467		468		469		470		470		470		
470		471		471		473		473		473		474		474		474		475		
476		478		481		483		484		484		484		486		486		487		
487		489		489		490		492		492		492		492		493		495		
496		497		498		498		499		499		500		500		501		501		
503		504		504		506		506		506		507		507		507		508		
508		509		509		509		510		510		510		511		511		512		
512		512		512		512		513		514		514		515		515		516		
517		517		518		518		522		523		524		524		525		525		
525		526		526		526		527		528		528		529		530		530		
531		534		537		537		540		540		540		540		541		541		
542		542		543		544		544		545		545		545		547		550		
552		553		554		554		555		556		557		557		558		560		
561		561		562		564		564		567		567		569		570		570		
572		572		573		574		574		574		576		576		576		576		
577		577		578		578		578		582		582		582		583		584		
585		586		587		588		588		589		591		592		593		593		
596		596		597		597		598		599		602		603		604		604		
604		604		606		607		607		608		608		608		609		609		
610		611		612		612		612		613		613		613		613		614		
615		616		617		617		618		618		618		619		621		621		
621		622		624		624		625		625		626		627		627		628		
628		629		629		630		630		631		632		633		633		633		
633		634		635		636		636		638		639		639		640		640		
643		644		645		645		648		648		648		649		650		650		
652		652		654		655		655		657		658		658		660		661		
663		663		663		665		665		665		668		668		669		669		
671		672		676		676		678		678		678		679		680		683		
684		684		686		686		687		687		687		688		688		689		
690		691		693		693		694		694		695		695		696		697		
698		698		699		700		701		701		702		703		703		704		
705		706		706		707		708		708		708		710		711		713		
714		715		716		717		717		718		718		719		719		720		
720		720		721		721		721		722		726		728		728		729		
729		730		731		731		731		735		735		735		737		737		
738		739		740		742		742		745		745		746		747		747		
747		749		749		754		754		754		755		755		756		759		
759		759		760		760		760		760		761		761		762		763		
764		764		764		765		765		766		766		766		768		769		
770		771		771		771		773		774		775		775		775		776		
776		777		777		778		780		780		782		782		782		783		
783		784		786		786		789		789		793		793		793		793		
794		795		795		797		797		797		798		799		799		800		
800		800		801		801		801		802		805		805		805		807		
809		810		810		810		810		811		812		812		813		814		
814		817		818		818		819		819		821		823		824		825		
825		825		826		826		827		827		827		830		831		832		
834		835		835		835		836		837		837		838		839		840		
840		841		841		841		842		843		843		844		845		846		
846		846		850		852		853		855		856		857		857		857		
859		860		860		861		862		862		862		863		863		864		
864		865		865		866		867		868		868		869		870		870		
870		871		872		872		873		874		875		875		878		879		
879		879		880		880		881		881		881		882		882		884		
884		884		886		886		887		887		887		887		888		888		
889		889		890		891		892		894		895		896		898		899		
899		900		900		901		901		901		902		902		902		904		
904		904		906		906		908		908		909		910		912		914		
915		915		915		916		916		918		919		920		922		922		
923		925		925		926		926		926		928		928		929		930		
930		931		931		934		934		935		935		935		937		938		
939		941		941		944		947		949		951		954		954		954		
956		956		957		957		957		959		960		962		962		962		
963		964		964		965		965		965		966		966		966		966		
967		968		968		968		969		969		970		970		970		972		
973		974		975		976		977		978		978		979		981		982		
982		982		984		984		985		985		985		986		987		988		
990		990		991		991		991		991		993		994		995		995		
995		996		998		999		999		999		999		1001		1001		1002		
1003		1004		1004		1004		1005		1006		1006		1009		1009		1009		
1010		1011		1011		1011		1012		1013		1013		1013		1014		1016		
1016		1017		1020		1021		1021		1021		1022		1022		1025		1028		
1028		1028		1028		1029		1029		1029		1031		1031		1032		1033		
1035		1036		1036		1037		1037		1038		1041		1041		1043		1044		
1044		1046		1047		1047		1048		1049		1050		1051		1057		1058		
1058		1061		1062		1064		1064		1064		1065		1066		1066		1066		
1067		1068		1068		1068		1070		1070		1070		1071		1071		1071		
1071		1073		1073		1073		1075		1076		1077		1078		1079		1083		
1083		1083		1084		1086		1086		1088		1089		1089		1093		1094		
1094		1094		1096		1096		1096		1097		1097		1098		1099		1100		
1101		1102		1104		1105		1105		1106		1107		1107		1108		1109		
1110		1111		1111		1112		1113		1113		1114		1114		1115		1116		
1116		1116		1118		1118		1119		1119		1122		1123		1123		1126		
1126		1127		1127		1127		1128		1128		1128		1129		1130		1131		
1131		1131		1132		1134		1134		1135		1135		1136		1137		1137		
1138		1138		1139		1140		1144		1145		1146		1146		1148		1151		
1153		1155		1157		1157		1157		1158		1158		1159		1159		1160		
1161		1161		1163		1163		1163		1163		1164		1166		1167		1167		
1168		1170		1170		1170		1171		1172		1172		1172		1174		1175		
1176		1177		1178		1179		1179		1179		1180		1182		1182		1184		
1185		1185		1187		1187		1187		1188		1189		1189		1190		1190		
1195		1196		1196		1198		1199		1201		1202		1202		1202		1203		
1203		1204		1207		1207		1208		1208		1209		1211		1211		1212		
1213		1215		1216		1216		1217		1217		1218		1218		1218		1220		
1221		1222		1223		1224		1224		1225		1225		1226		1227		1227		
1227		1227		1228		1228		1228		1229		1229		1231		1231		1232		
1233		1234		1234		1237		1239		1239		1240		1241		1242		1242		
1243		1243		1243		1244		1246		1246		1247		1249		1251		1251		
1251		1253		1253		1254		1254		1254		1255		1255		1256		1256		
1257		1257		1257		1258		1260		1260		1260		1260		1261		1261		
1262		1262		1262		1263		1264		1266		1266		1266		1267		1267		
1267		1267		1267		1268		1269		1270		1270		1272		1272		1273		
1274		1274		1275		1275		1275		1276		1276		1277		1278		1279		
1281		1281		1283		1286		1286		1286		1288		1288		1288		1291		
1291		1291		1291		1293		1294		1294		1294		1294		1295		1296		
1296		1296		1298		1298		1300		1300		1300		1301		1302		1303		
1303		1303		1303		1304		1304		1304		1305		1305		1305		1305		
1306		1306		1308		1308		1309		1309		1310		1310		1312		1313		
1313		1314		1314		1315		1315		1317		1317		1318		1319		1320		
1321		1322		1323		1324		1324		1325		1326		1326		1327		1329		
1329		1332		1334		1334		1334		1334		1337		1337		1337		1338		
1339		1339		1340		1340		1342		1343		1343		1344		1345		1347		
1348		1349		1350		1350		1350		1351		1352		1353		1354		1355		
1356		1357		1357		1358		1359		1359		1359		1359		1360		1360		
1360		1360		1361		1361		1362		1362		1363		1365		1366		1367		
1367		1368		1368		1368		1370		1371		1371		1371		1373		1373		
1376		1376		1376		1377		1377		1379		1379		1379		1379		1380		
1382		1384		1385		1386		1386		1387		1388		1388		1388		1391		
1391		1392		1393		1394		1396		1396		1397		1398		1399		1403		
1404		1405		1406		1408		1409		1410		1411		1411		1411		1412		
1412		1412		1413		1413		1417		1418		1418		1419		1420		1421		
1421		1422		1422		1423		1423		1424		1424		1426		1426		1426		
1428		1429		1432		1433		1434		1435		1436		1436		1436		1438		
1438		1439		1441		1442		1442		1443		1444		1444		1445		1446		
1447		1449		1451		1453		1454		1454		1455		1455		1456		1459		
1459		1459		1460		1462		1463		1464		1465		1465		1466		1467		
1467		1469		1469		1469		1469		1471		1472		1472		1473		1475		
1477		1478		1478		1478		1479		1480		1480		1481		1485		1485		
1486		1486		1489		1489		1490		1491		1491		1494		1494		1496		
1496		1496		1496		1497		1498		1498		1499		1499		1500		1500		
1501		1501		1503		1503		1503		1504		1504		1506		1508		1508		
1509		1510		1510		1512		1512		1512		1514		1514		1516		1517		
1517		1517		1518		1519		1519		1520		1521		1521		1522		1522		
1522		1522		1526		1526		1527		1527		1529		1530		1531		1531		
1532		1533		1533		1533		1535		1535		1535		1535		1536		1536		
1536		1537		1537		1538		1538		1538		1538		1538		1539		1539		
1539		1540		1540		1542		1542		1544		1544		1547		1548		1549		
1551		1552		1554		1554		1554		1557		1559		1560		1560		1560		
1560		1560		1564		1564		1566		1568		1568		1568		1569		1569		
1570		1571		1572		1572		1573		1573		1574		1575		1576		1576		
1577		1577		1578		1579		1581		1582		1582		1583		1586		1587		
1587		1588		1589		1590		1591		1592		1592		1593		1595		1595		
1596		1596		1597		1598		1599		1600		1601		1601		1602		1604		
1604		1605		1605		1605		1607		1607		1610		1610		1611		1612		
1612		1612		1613		1614		1614		1616		1618		1618		1619		1620		
1621		1622		1622		1623		1623		1628		1628		1628		1628		1628		
1629		1630		1631		1631		1631		1632		1632		1632		1633		1633		
1634		1635		1635		1636		1638		1639		1639		1639		1639		1639		
1639		1639		1639		1641		1643		1644		1645		1646		1646		1649		
1650		1650		1651		1652		1653		1654		1656		1657		1657		1657		
1658		1658		1658		1658		1660		1660		1660		1660		1661		1661		
1663		1663		1663		1664		1665		1665		1667		1668		1669		1669		
1671		1674		1675		1676		1676		1677		1677		1677		1677		1679		
1680		1681		1681		1681		1682		1685		1685		1685		1685		1687		
1687		1688		1688		1688		1689		1690		1690		1691		1693		1694		
1694		1696		1697		1697		1698		1698		1700		1700		1700		1700		
1701		1702		1703		1703		1706		1707		1708		1708		1708		1709		
1711		1711		1712		1712		1713		1714		1714		1714		1715		1716		
1717		1717		1719		1719		1720		1721		1722		1722		1723		1723		
1723		1724		1726		1727		1727		1728		1729		1730		1731		1732		
1732		1732		1735		1736		1736		1739		1739		1742		1745		1745		
1746		1747		1748		1748		1748		1748		1749		1749		1749		1750		
1750		1750		1752		1754		1755		1756		1757		1757		1758		1758		
1759		1760		1760		1760		1760		1761		1762		1764		1766		1769		
1769		1770		1772		1774		1775		1775		1775		1775		1776		1776		
1776		1776		1776		1778		1781		1782		1783		1783		1784		1784		
1784		1785		1785		1785		1786		1786		1787		1787		1787		1787		
1788		1788		1788		1789		1789		1790		1793		1793		1795		1795		
1796		1796		1800		1800		1801		1801		1802		1802		1802		1803		
1805		1806		1807		1809		1810		1811		1813		1814		1815		1817		
1818		1818		1820		1821		1822		1822		1824		1825		1825		1825		
1825		1825		1826		1827		1828		1828		1828		1830		1830		1831		
1831		1832		1832		1833		1835		1835		1837		1840		1840		1841		
1841		1842		1843		1844		1844		1844		1844		1846		1847		1849		
1850		1851		1851		1852		1852		1852		1853		1853		1853		1854		
1855		1856		1856		1858		1859		1859		1860		1860		1860		1862		
1863		1863		1867		1867		1868		1870		1870		1870		1870		1874		
1874		1874		1874		1875		1875		1876		1877		1878		1878		1878		
1879		1880		1880		1880		1881		1881		1882		1885		1887		1887		
1889		1891		1892		1892		1894		1894		1895		1896		1896		1897		
1901		1903		1905		1905		1907		1907		1908		1908		1910		1910		
1912		1912		1915		1915		1917		1919		1921		1921		1922		1924		
1926		1927		1927		1927		1928		1928		1928		1929		1929		1931		
1932		1932		1932		1932		1932		1933		1935		1935		1935		1935		
1936		1939		1940		1940		1941		1944		1944		1944		1946		1946		
1947		1947		1948		1949		1949		1950		1950		1951		1951		1951		
1951		1951		1952		1952		1955		1955		1956		1956		1956		1956		
1958		1958		1959		1959		1960		1960		1961		1961		1962		1963		
1964		1964		1965		1966		1967		1969		1969		1970		1970		1972		
1972		1973		1974		1975		1976		1976		1976		1978		1979		1979		
1980		1980		1980		1981		1981		1982		1982		1984		1986		1986		
1986		1987		1987		1987		1988		1988		1988		1989		1994		1995		
1996		1996		1998		1998		2000		2001		2001		2002		2002		2005		
2007		2008		2008		2010		2010		2010		2010		2011		2011		2013		
2014		2015		2016		2017		2017		2018		2019		2019		2019		2020		
2022		2022		2023		2024		2024		2024		2027		2027		2029		2030		
2031		2033		2033		2034		2035		2038		2040		2040		2040		2041		
2041		2042		2042		2043		2044		2048		2048		2051		2051		2052		
2053		2053		2056		2056		2057		2057		2058		2060		2060		2062		
2062		2065		2066		2066		2067		2068		2068		2070		2070		2073		
2073		2074		2074		2075		2075		2075		2075		2076		2076		2077		
2078		2078		2078		2080		2082		2082		2084		2085		2085		2086		
2086		2087		2088		2089		2089		2089		2091		2091		2091		2094		
2095		2096		2096		2097		2098		2099		2100		2100		2101		2101		
2101		2102		2102		2102		2104		2106		2108		2109		2109		2112		
2113		2113		2113		2114		2117		2117		2119		2119		2123		2124		
2125		2126		2126		2128		2128		2128		2129		2129		2130		2131		
2132		2134		2136		2137		2137		2138		2138		2138		2139		2140		
2140		2140		2142		2143		2144		2145		2145		2147		2147		2148		
2149		2149		2150		2150		2151		2153		2154		2155		2155		2156		
2156		2158		2158		2160		2160		2160		2160		2161		2161		2163		
2164		2166		2166		2166		2167		2168		2168		2168		2168		2168		
2168		2172		2172		2172		2173		2176		2176		2176		2176		2176		
2177		2177		2177		2178		2179		2180		2180		2181		2181		2182		
2183		2184		2188		2189		2190		2191		2193		2193		2195		2196		
2196		2197		2197		2197		2197		2200		2200		2200		2201		2202		
2203		2205		2205		2206		2206		2207		2208		2208		2209		2209		
2209		2209		2210		2214		2214		2215		2216		2216		2217		2217		
2220		2220		2220		2221		2221		2221		2223		2223		2224		2224		
2225		2231		2231		2233		2233		2233		2234		2234		2234		2234		
2235		2236		2237		2237		2238		2238		2240		2242		2244		2248		
2249		2252		2253		2253		2253		2254		2254		2254		2255		2256		
2256		2256		2257		2257		2257		2257		2259		2260		2260		2260		
2262		2262		2264		2265		2265		2266		2267		2268		2270		2270		
2274		2275		2279		2280		2282		2282		2283		2283		2284		2284		
2285		2286		2287		2288		2288		2288		2289		2290		2291		2291		
2294		2299		2300		2300		2301		2302		2302		2302		2303		2304		
2305		2306		2308		2308		2309		2311		2312		2315		2315		2317		
2318		2319		2319		2320		2320		2322		2323		2324		2325		2325		
2328		2329		2329		2330		2331		2332		2332		2332		2333		2333		
2335		2335		2337		2337		2338		2339		2339		2339		2341		2341		
2342		2344		2346		2347		2347		2347		2349		2349		2349		2349		
2350		2351		2351		2351		2353		2355		2355		2357		2357		2358		
2360		2362		2363		2365		2365		2365		2367		2367		2371		2371		
2372		2374		2375		2375		2376		2376		2378		2380		2381		2382		
2383		2383		2385		2385		2385		2385		2387		2388		2388		2389		
2389		2390		2392		2394		2394		2395		2395		2396		2397		2397		
2397		2398		2400		2402		2402		2402		2402		2402		2402		2403		
2403		2403		2404		2405		2405		2408		2408		2408		2408		2408		
2411		2411		2412		2412		2412		2413		2413		2413		2416		2416		
2417		2417		2419		2420		2421		2421		2422		2424		2424		2425		
2426		2426		2427		2428		2431		2433		2434		2434		2434		2435		
2435		2436		2438		2438		2440		2442		2442		2443		2444		2445		
2445		2446		2449		2449		2449		2449		2450		2450		2451		2452		
2452		2454		2455		2456		2457		2457		2457		2458		2459		2460		
2460		2460		2461		2461		2462		2463		2464		2465		2466		2466		
2467		2468		2468		2468		2471		2473		2473		2473		2474		2474		
2475		2475		2476		2476		2477		2479		2481		2481		2482		2482		
2484		2486		2486		2486		2487		2488		2489		2492		2493		2493		
2493		2495		2496		2496		2496		2497		2497		2497		2497		2499		
2499		2499		2500		2500		2500		2501		2501		2503		2503		2503		
2504		2505		2506		2506		2509		2511		2512		2513		2513		2515		
2517		2518		2518		2519		2520		2521		2521		2521		2522		2523		
2524		2524		2524		2524		2525		2529		2529		2530		2531		2532		
2532		2533		2535		2535		2535		2536		2536		2537		2538		2540		
2541		2542		2542		2543		2543		2544		2544		2544		2545		2545		
2545		2545		2545		2547		2550		2550		2551		2553		2554		2555		
2556		2557		2557		2558		2558		2558		2559		2559		2560		2560		
2560		2561		2561		2562		2562		2564		2565		2568		2569		2569		
2570		2571		2572		2572		2573		2574		2574		2576		2578		2579		
2579		2581		2581		2582		2583		2583		2585		2585		2586		2586		
2586		2587		2587		2587		2587		2588		2588		2590		2592		2595		
2595		2595		2595		2596		2597		2597		2599		2603		2604		2607		
2608		2609		2611		2612		2612		2614		2614		2615		2615		2615		
2616		2616		2616		2617		2618		2619		2619		2619		2620		2621		
2621		2622		2622		2625		2625		2626		2626		2629		2630		2631		
2631		2631		2631		2634		2634		2635		2635		2635		2636		2636		
2637		2639		2640		2640		2641		2641		2642		2642		2643		2645		
2645		2646		2647		2647		2648		2648		2649		2649		2649		2649		
2649		2650		2652		2652		2653		2655		2657		2659		2660		2661		
2661		2661		2662		2663		2663		2663		2664		2665		2665		2666		
2666		2667		2669		2671		2672		2673		2677		2678		2678		2678		
2679		2679		2680		2680		2681		2683		2684		2684		2684		2685		
2685		2688		2689		2690		2691		2692		2692		2693		2694		2696		
2697		2698		2699		2700		2701		2702		2702		2703		2703		2704		
2705		2706		2707		2707		2708		2709		2712		2713		2714		2714		
2715		2716		2718		2718		2719		2722		2723		2723		2723		2723		
2724		2724		2725		2726		2726		2726		2728		2728		2728		2729		
2730		2731		2732		2732		2734		2735		2736		2737		2738		2738		
2739		2739		2740		2740		2741		2741		2742		2743		2744		2744		
2746		2747		2747		2749		2751		2753		2753		2753		2754		2754		
2754		2754		2755		2755		2755		2755		2759		2760		2760		2760		
2760		2761		2763		2763		2763		2766		2767		2767		2768		2768		
2770		2771		2773		2777		2777		2777		2779		2779		2779		2780		
2780		2781		2781		2784		2785		2785		2788		2789		2789		2791		
2791		2793		2793		2795		2796		2797		2800		2800		2804		2804		
2804		2804		2805		2806		2807		2807		2813		2815		2816		2816		
2817		2818		2818		2819		2819		2820		2820		2826		2827		2828		
2829		2832		2833		2833		2834		2837		2841		2841		2842		2845		
2848		2852		2852		2853		2854		2854		2854		2857		2860		2860		
2861		2862		2862		2862		2863		2864		2865		2869		2873		2873		
2875		2876		2879		2879		2879		2880		2882		2883		2883		2884		
2886		2886		2887		2889		2889		2890		2892		2893		2893		2894		
2895		2895		2895		2896		2900		2901		2902		2902		2903		2903		
2905		2906		2908		2912		2912		2917		2918		2922		2922		2922		
2923		2924		2924		2924		2925		2926		2927		2927		2928		2929		
2930		2931		2932		2932		2936		2937		2939		2939		2939		2939		
2941		2941		2943		2944		2945		2948		2949		2950		2951		2953		
2956		2958		2962		2962		2962		2964		2964		2966		2967		2969		
2971		2978		2979		2980		2981		2981		2981		2981		2982		2983		
2984		2984		2984		2987		2987		2989		2991		2991		2992		2993		
2993		2996		2997		2997		2997		2999		2999		3001		3001		3003		
3010		3011		3013		3013		3014		3016		3017		3017		3018		3021		
3022		3023		3023		3025		3027		3030		3031		3031		3035		3035		
3035		3036		3036		3039		3040		3041		3043		3044		3045		3046		
3047		3047		3048		3051		3052		3052		3052		3054		3054		3055		
3056		3057		3057		3058		3058		3059		3062		3063		3067		3068		
3069		3070		3070		3070		3070		3070		3073		3074		3075		3075		
3075		3075		3078		3079		3079		3079		3080		3086		3087		3088		
3090		3091		3093		3094		3096		3097		3097		3097		3098		3098		
3099		3100		3101		3101		3104		3105		3107		3107		3108		3110		
3110		3113		3115		3115		3116		3118		3122		3123		3123		3126		
3128		3129		3129		3130		3130		3130		3132		3137		3137		3137		
3138		3140		3142		3143		3144		3145		3145		3146		3147		3147		
3148		3148		3149		3150		3150		3155		3155		3155		3157		3157		
3157		3158		3158		3158		3160		3161		3162		3162		3163		3163		
3164		3164		3166		3167		3167		3167		3169		3172		3173		3174		
3174		3178		3179		3179		3182		3182		3182		3183		3183		3184		
3184		3185		3185		3189		3193		3196		3197		3197		3200		3200		
3201		3202		3202		3203		3203		3204		3206		3207		3208		3209		
3209		3210		3214		3216		3217		3220		3225		3226		3226		3228		
3228		3229		3229		3231		3231		3234		3236		3236		3237		3237		
3237		3238		3239		3241		3242		3243		3243		3243		3244		3245		
3245		3246		3246		3247		3249		3250		3252		3254		3256		3259		
3260		3261		3262		3262		3263		3265		3268		3269		3270		3270		
3276		3280		3282		3283		3283		3284		3286		3289		3289		3289		
3290		3291		3291		3293		3295		3296		3296		3297		3297		3299		
3299		3301		3302		3302		3305		3305		3305		3306		3306		3307		
3307		3309		3312		3315		3317		3317		3319		3321		3324		3325		
3327		3328		3328		3330		3331		3332		3332		3332		3333		3334		
3335		3335		3335		3337		3337		3337		3338		3339		3340		3340		
3342		3344		3347		3347		3348		3352		3353		3353		3354		3354		
3355		3356		3363		3364		3365		3366		3367		3367		3368		3368		
3368		3369		3370		3370		3372		3373		3374		3374		3375		3375		
3376		3376		3378		3379		3379		3380		3380		3382		3384		3385		
3385		3386		3386		3389		3393		3395		3398		3400		3400		3400		
3403		3404		3404		3406		3406		3407		3407		3408		3408		3409		
3410		3410		3410		3412		3413		3414		3415		3415		3415		3415		
3415		3416		3418		3421		3423		3424		3424		3424		3426		3428		
3429		3429		3433		3433		3433		3436		3437		3437		3439		3441		
3443		3444		3445		3446		3446		3447		3450		3450		3450		3450		
3455		3456		3456		3458		3458		3458		3460		3462		3462		3462		
3463		3464		3465		3466		3466		3467		3468		3469		3469		3469		
3470		3470		3470		3472		3472		3473		3476		3476		3476		3476		
3477		3477		3477		3478		3479		3480		3481		3482		3482		3482		
3482		3483		3483		3484		3485		3485		3487		3487		3487		3489		
3491		3491		3497		3497		3497		3498		3499		3499		3500		3501		
3501		3501		3501		3501		3502		3503		3503		3503		3505		3508		
3508		3508		3509		3509		3513		3513		3513		3515		3515		3515		
3517		3517		3519		3520		3522		3524		3525		3526		3528		3529		
3529		3530		3531		3531		3531		3532		3532		3532		3532		3533		
3535		3535		3536		3536		3539		3540		3541		3541		3542		3542		
3543		3544		3544		3545		3546		3547		3548		3548		3549		3550		
3550		3551		3552		3552		3552		3553		3555		3557		3558		3559		
3559		3559		3561		3562		3563		3563		3565		3567		3569		3570		
3570		3571		3572		3573		3574		3575		3578		3579		3579		3580		
3580		3582		3583		3583		3584		3584		3586		3591		3591		3594		
3598		3599		3600		3602		3604		3605		3607		3608		3611		3612		
3612		3616		3616		3618		3621		3621		3623		3623		3624		3625		
3626		3626		3627		3630		3630		3632		3636		3637		3638		3639		
3639		3641		3641		3642		3645		3645		3646		3647		3647		3647		
3648		3649		3651		3651		3655		3657		3658		3660		3662		3664		
3665		3666		3666		3668		3668		3669		3672		3675		3676		3676		
3678		3680		3681		3684		3684		3686		3687		3687		3688		3689		
3689		3693		3693		3693		3695		3700		3701		3702		3702		3705		
3707		3710		3711		3713		3713		3715		3716		3716		3717		3717		
3717		3717		3717		3718		3718		3720		3721		3722		3723		3723		
3726		3728		3729		3731		3734		3734		3734		3734		3736		3736		
3737		3738		3738		3739		3740		3741		3741		3744		3747		3747		
3748		3749		3750		3750		3750		3751		3752		3753		3753		3754		
3754		3755		3757		3757		3759		3759		3760		3762		3764		3767		
3768		3768		3768		3769		3769		3770		3770		3771		3771		3774		
3774		3776		3776		3776		3778		3779		3780		3781		3781		3782		
3783		3784		3785		3785		3786		3788		3790		3791		3791		3793		
3794		3794		3797		3799		3801		3803		3804		3804		3805		3805		
3806		3806		3807		3810		3810		3812		3812		3812		3812		3813		
3813		3813		3814		3814		3814		3815		3815		3815		3816		3817		
3818		3818		3819		3821		3822		3823		3825		3828		3829		3830		
3830		3830		3833		3834		3835		3836		3836		3837		3838		3839		
3840		3841		3841		3841		3841		3843		3844		3845		3845		3846		
3846		3847		3848		3850		3852		3852		3853		3854		3854		3856		
3857		3860		3861		3862		3863		3864		3865		3866		3867		3867		
3867		3868		3868		3868		3868		3868		3871		3873		3877		3879		
3879		3880		3883		3885		3885		3886		3888		3890		3892		3892		
3893		3894		3894		3896		3896		3898		3898		3898		3899		3900		
3901		3902		3904		3905		3906		3909		3911		3912		3914		3914		
3914		3916		3917		3919		3921		3921		3922		3923		3924		3924		
3927		3929		3931		3932		3937		3938		3940		3940		3941		3941		
3942		3942		3943		3944		3945		3945		3946		3947		3947		3948		
3949		3949		3950		3954		3956		3956		3956		3956		3956		3957		
3958		3959		3959		3960		3961		3961		3962		3963		3966		3966		
3967		3969		3971		3974		3974		3975		3977		3978		3979		3980		
3984		3984		3984		3984		3986		3986		3988		3988		3988		3988		
3989		3992		3993		3994		3994		3996		3996		3997		3997		3998		
3999		3999		4000		4002		4004		4004		4004		4005		4007		4007		
4007		4008		4010		4012		4014		4015		4016		4016		4018		4018		
4019		4019		4021		4022		4025		4026		4027		4032		4032		4035		
4036		4037		4037		4038		4038		4039		4040		4044		4045		4048		
4048		4050		4054		4054		4057		4057		4057		4059		4059		4059		
4060		4062		4064		4065		4068		4070		4071		4071		4071		4073		
4073		4074		4076		4077		4078		4078		4081		4081		4082		4082		
4083		4083		4084		4085		4086		4088		4090		4092		4094		4096		
4096		4096		4097		4098		4099		4099		4099		4100		4101		4103		
4104		4105		4107		4108		4108		4110		4110		4113		4115		4115		
4117		4117		4117		4117		4119		4120		4120		4120		4124		4125		
4126		4127		4128		4128		4129		4130		4132		4132		4133		4134		
4134		4135		4135		4141		4141		4142		4142		4146		4147		4147		
4147		4149		4150		4150		4151		4151		4153		4153		4153		4154		
4154		4154		4155		4156		4157		4158		4163		4164		4165		4165		
4165		4166		4170		4170		4171		4172		4173		4175		4175		4175		
4175		4176		4176		4177		4178		4178		4179		4181		4184		4185		
4185		4185		4185		4186		4187		4188		4189		4190		4190		4191		
4195		4196		4199		4201		4203		4204		4204		4205		4206		4207		
4207		4207		4208		4208		4208		4212		4214		4216		4218		4219		
4219		4219		4220		4220		4220		4221		4221		4223		4225		4227		
4228		4228		4232		4232		4232		4233		4234		4234		4234		4235		
4237		4239		4240		4240		4241		4242		4246		4246		4248		4249		
4249		4249		4255		4255		4256		4258		4258		4258		4259		4259		
4259		4261		4261		4263		4263		4269		4269		4270		4273		4274		
4274		4274		4275		4276		4279		4280		4287		4288		4288		4289		
4289		4289		4290		4292		4292		4298		4301		4301		4302		4307		
4308		4308		4309		4310		4311		4312		4312		4314		4314		4315		
4316		4316		4318		4319		4320		4321		4322		4324		4325		4326		
4326		4326		4327		4332		4332		4333		4333		4333		4334		4334		
4334		4336		4337		4337		4340		4340		4342		4347		4347		4348		
4349		4349		4349		4350		4350		4350		4351		4353		4353		4354		
4354		4355		4358		4358		4360		4360		4363		4363		4363		4364		
4365		4366		4366		4369		4370		4370		4372		4372		4372		4373		
4375		4378		4384		4388		4390		4391		4391		4392		4392		4393		
4393		4393		4394		4394		4395		4395		4395		4396		4397		4398		
4399		4401		4403		4403		4404		4406		4407		4408		4409		4410		
4410		4412		4413		4414		4415		4416		4417		4419		4419		4420		
4421		4425		4425		4426		4426		4428		4428		4429		4430		4431		
4432		4433		4434		4435		4436		4436		4438		4439		4440		4442		
4442		4443		4443		4445		4446		4447		4450		4450		4451		4451		
4452		4452		4452		4453		4453		4454		4454		4455		4455		4457		
4457		4458		4459		4460		4461		4461		4461		4461		4462		4463		
4464		4465		4465		4466		4468		4471		4473		4473		4475		4477		
4478		4479		4479		4482		4482		4483		4484		4486		4489		4489		
4491		4491		4493		4493		4495		4496		4497		4501		4501		4502		
4503		4505		4506		4507		4511		4511		4511		4512		4513		4513		
4514		4514		4515		4516		4516		4516		4516		4516		4517		4521		
4522		4523		4524		4525		4526		4526		4526		4529		4529		4529		
4530		4531		4531		4531		4531		4532		4532		4532		4533		4534		
4534		4534		4535		4537		4539		4541		4542		4543		4544		4544		
4545		4550		4550		4550		4551		4553		4554		4554		4556		4560		
4562		4563		4566		4568		4568		4569		4569		4570		4570		4572		
4576		4577		4577		4582		4582		4583		4589		4591		4592		4593		
4593		4594		4594		4597		4598		4598		4599		4599		4601		4601		
4601		4602		4604		4604		4604		4604		4605		4610		4611		4611		
4612		4612		4613		4614		4615		4616		4617		4617		4617		4619		
4619		4619		4619		4622		4627		4628		4630		4630		4630		4631		
4631		4633		4634		4634		4639		4643		4643		4644		4645		4645		
4652		4653		4655		4656		4656		4657		4657		4658		4658		4662		
4662		4662		4662		4663		4664		4665		4666		4667		4667		4670		
4670		4673		4673		4673		4674		4675		4675		4675		4677		4678		
4678		4678		4678		4678		4678		4680		4681		4683		4683		4684		
4684		4686		4686		4687		4688		4692		4692		4692		4692		4693		
4693		4694		4695		4697		4698		4698		4699		4699		4699		4700		
4700		4700		4702		4702		4703		4704		4704		4704		4705		4706		
4706		4708		4709		4709		4710		4713		4714		4715		4716		4718		
4720		4720		4721		4722		4722		4722		4726		4727		4728		4728		
4731		4733		4733		4736		4736		4737		4741		4741		4741		4745		
4745		4746		4747		4747		4749		4750		4750		4751		4752		4754		
4754		4756		4757		4758		4759		4759		4760		4760		4761		4764		
4764		4765		4766		4766		4766		4767		4769		4772		4774		4774		
4775		4776		4777		4778		4778		4779		4779		4779		4780		4781		
4782		4782		4785		4785		4786		4786		4786		4787		4787		4787		
4787		4789		4791		4791		4792		4793		4793		4794		4795		4795		
4800		4801		4803		4804		4807		4808		4809		4812		4812		4812		
4813		4814		4814		4814		4814		4817		4818		4820		4821		4823		
4825		4827		4828		4832		4833		4834		4835		4835		4838		4842		
4843		4844		4844		4845		4845		4846		4847		4849		4851		4852		
4852		4854		4855		4859		4860		4861		4861		4862		4862		4863		
4863		4863		4864		4865		4866		4866		4868		4868		4870		4871		
4872		4873		4874		4875		4875		4876		4876		4880		4881		4882		
4884		4884		4885		4887		4888		4888		4889		4890		4892		4893		
4895		4895		4900		4901		4902		4902		4903		4904		4906		4907		
4909		4909		4910		4910		4911		4913		4914		4914		4914		4915		
4917		4917		4917		4918		4918		4921		4921		4922		4923		4924		
4924		4925		4925		4926		4927		4927		4928		4928		4930		4931		
4936		4937		4938		4940		4943		4944		4945		4945		4946		4946		
4947		4951		4951		4951		4954		4955		4955		4956		4956		4956		
4960		4961		4965		4965		4966		4966		4967		4967		4967		4968		
4969		4971		4972		4973		4973		4975		4975		4976		4977		4977		
4977		4978		4980		4980		4981		4981		4984		4986		4987		4989		
4991		4995		4995		4997		5002		5002		5003		5003		5004		5005		
5006		5007		5008		5008		5009		5009		5014		5015		5015		5016		
5016		5017		5021		5021		5023		5023		5024		5026		5026		5027		
5027		5028		5029		5029		5030		5031		5031		5031		5033		5033		
5036		5036		5038		5038		5040		5040		5042		5042		5043		5043		
5045		5046		5050		5050		5050		5053		5054		5056		5057		5058		
5059		5060		5060		5061		5061		5062		5062		5065		5066		5069		
5073		5076		5078		5078		5079		5081		5083		5083		5084		5085		
5087		5087		5089		5090		5092		5093		5094		5095		5095		5095		
5097		5098		5101		5101		5103		5104		5105		5106		5107		5108		
5108		5111		5112		5112		5112		5113		5115		5116		5116		5117		
5118		5118		5118		5119		5119		5122		5122		5122		5123		5124		
5125		5128		5128		5129		5130		5130		5131		5132		5135		5135		
5136		5137		5137		5137		5139		5139		5140		5143		5143		5143		
5144		5144		5145		5146		5147		5147		5149		5149		5151		5151		
5152		5153		5154		5155		5158		5159		5159		5159		5161		5162		
5163		5166		5166		5167		5167		5168		5169		5169		5169		5170		
5174		5176		5180		5182		5182		5184		5185		5188		5189		5189		
5189		5190		5191		5191		5192		5192		5192		5192		5196		5196		
5196		5196		5196		5197		5197		5200		5200		5201		5201		5204		
5204		5204		5205		5206		5206		5207		5208		5210		5211		5213		
5213		5217		5218		5220		5224		5225		5226		5227		5230		5230		
5231		5233		5233		5236		5240		5240		5241		5243		5243		5244		
5245		5247		5247		5247		5251		5252		5253		5253		5253		5254		
5254		5257		5258		5258		5260		5261		5262		5262		5264		5266		
5266		5268		5268		5268		5271		5272		5274		5277		5277		5280		
5281		5281		5282		5282		5283		5283		5283		5284		5285		5286		
5287		5287		5290		5292		5292		5293		5295		5297		5299		5300		
5303		5304		5305		5306		5306		5309		5311		5312		5312		5312		
5314		5315		5316		5321		5321		5328		5329		5329		5330		5331		
5331		5331		5332		5337		5337		5337		5343		5343		5347		5348		
5350		5351		5352		5358		5358		5360		5361		5362		5363		5365		
5366		5366		5368		5370		5371		5373		5373		5373		5376		5377		
5377		5380		5381		5381		5382		5384		5385		5387		5387		5389		
5392		5393		5394		5394		5394		5394		5394		5395		5395		5396		
5396		5400		5404		5405		5405		5406		5407		5407		5408		5410		
5411		5414		5416		5416		5418		5418		5418		5427		5428		5429		
5434		5436		5437		5437		5438		5438		5440		5443		5444		5445		
5445		5446		5446		5450		5451		5451		5451		5452		5453		5455		
5455		5455		5455		5457		5458		5460		5462		5464		5464		5465		
5466		5467		5467		5467		5467		5468		5468		5471		5471		5472		
5473		5475		5475		5475		5475		5476		5477		5478		5480		5481		
5483		5483		5484		5486		5487		5488		5488		5490		5490		5491		
5491		5492		5495		5496		5496		5497		5497		5498		5499		5504		
5510		5510		5510		5510		5511		5512		5515		5515		5516		5518		
5518		5519		5523		5530		5531		5532		5532		5533		5533		5534		
5534		5537		5540		5543		5544		5545		5545		5546		5548		5548		
5551		5554		5554		5555		5559		5560		5563		5563		5564		5564		
5566		5567		5567		5567		5568		5568		5569		5570		5571		5571		
5571		5573		5574		5574		5575		5575		5576		5577		5578		5580		
5583		5583		5583		5583		5584		5584		5585		5585		5587		5587		
5588		5588		5588		5589		5592		5592		5595		5595		5596		5596		
5597		5598		5598		5600		5604		5605		5606		5610		5613		5613		
5614		5614		5615		5615		5617		5617		5619		5621		5623		5624		
5624		5625		5630		5631		5632		5633		5634		5636		5637		5637		
5637		5638		5639		5640		5642		5642		5643		5646		5647		5648		
5649		5650		5650		5650		5654		5656		5656		5656		5657		5657		
5658		5661		5661		5662		5663		5664		5666		5667		5674		5675		
5676		5676		5677		5679		5680		5681		5681		5682		5682		5683		
5685		5685		5685		5685		5686		5688		5690		5690		5692		5692		
5692		5694		5696		5698		5698		5699		5701		5702		5704		5704		
5705		5705		5707		5708		5708		5710		5711		5713		5714		5717		
5719		5719		5720		5720		5721		5721		5725		5725		5727		5729		
5729		5730		5730		5731		5731		5731		5733		5735		5736		5736		
5737		5740		5740		5741		5742		5743		5749		5750		5751		5751		
5751		5753		5755		5756		5756		5757		5758		5758		5759		5761		
5762		5762		5763		5763		5765		5766		5766		5766		5766		5769		
5770		5771		5771		5772		5772		5775		5775		5776		5776		5778		
5779		5779		5780		5780		5782		5787		5787		5788		5789		5790		
5790		5792		5793		5793		5794		5795		5798		5799		5799		5801		
5801		5802		5804		5804		5804		5804		5806		5807		5807		5807		
5808		5808		5808		5811		5811		5812		5812		5813		5814		5814		
5815		5817		5818		5819		5820		5824		5824		5824		5826		5827		
5832		5832		5832		5833		5833		5834		5835		5836		5836		5838		
5839		5842		5843		5844		5844		5849		5851		5853		5853		5855		
5855		5856		5858		5859		5859		5859		5861		5864		5864		5868		
5868		5870		5871		5873		5873		5874		5875		5875		5878		5879		
5879		5884		5884		5885		5885		5886		5886		5887		5888		5888		
5889		5889		5890		5893		5894		5895		5895		5895		5897		5897		
5897		5897		5899		5899		5900		5904		5904		5910		5913		5913		
5915		5916		5916		5918		5919		5919		5921		5922		5924		5924		
5924		5926		5927		5928		5928		5928		5929		5929		5929		5931		
5931		5932		5934		5935		5935		5936		5937		5938		5938		5939		
5939		5940		5940		5941		5941		5946		5946		5947		5947		5948		
5949		5951		5951		5951		5952		5955		5956		5957		5957		5957		
5960		5962		5963		5963		5963		5963		5965		5965		5966		5967		
5968		5968		5969		5969		5970		5971		5972		5972		5973		5974		
5975		5977		5979		5982		5982		5983		5984		5984		5989		5990		
5990		5991		5991		5992		5995		5996		5997		5999		6000		6001		
6003		6003		6004		6004		6006		6006		6007		6007		6010		6016		
6018		6020		6021		6021		6021		6022		6022		6024		6028		6028		
6029		6030		6031		6034		6035		6036		6036		6038		6039		6042		
6042		6043		6043		6043		6045		6045		6047		6048		6050		6053		
6053		6054		6055		6055		6055		6055		6055		6058		6058		6059		
6059		6060		6062		6062		6062		6064		6065		6065		6065		6066		
6067		6068		6069		6070		6070		6070		6073		6074		6074		6074		
6074		6075		6075		6078		6078		6079		6081		6082		6082		6084		
6086		6088		6088		6088		6088		6089		6090		6091		6092		6092		
6093		6095		6096		6097		6097		6097		6098		6098		6099		6102		
6103		6103		6103		6104		6104		6105		6106		6106		6107		6107		
6108		6108		6110		6110		6111		6112		6113		6114		6117		6119		
6119		6120		6121		6121		6123		6123		6125		6128		6129		6131		
6131		6132		6133		6134		6135		6135		6136		6137		6137		6138		
6139		6139		6140		6142		6143		6143		6146		6146		6147		6147		
6148		6148		6150		6150		6151		6152		6152		6152		6152		6154		
6155		6158		6159		6161		6162		6164		6165		6165		6167		6167		
6168		6168		6171		6172		6172		6173		6176		6179		6182		6184		
6185		6185		6187		6188		6188		6192		6192		6195		6195		6198		
6199		6200		6200		6201		6201		6201		6202		6203		6203		6204		
6205		6205		6208		6208		6210		6211		6211		6211		6215		6215		
6216		6217		6217		6218		6218		6218		6220		6221		6222		6224		
6224		6224		6225		6226		6227		6227		6228		6229		6230		6233		
6235		6235		6236		6237		6239		6240		6242		6242		6244		6245		
6245		6246		6251		6252		6254		6255		6256		6256		6256		6257		
6258		6259		6260		6261		6262		6265		6266		6266		6268		6269		
6269		6271		6273		6273		6274		6275		6275		6276		6276		6277		
6279		6280		6281		6284		6287		6287		6287		6287		6288		6289		
6289		6290		6291		6293		6294		6295		6296		6296		6297		6297		
6298		6298		6299		6299		6299		6300		6301		6301		6303		6305		
6308		6309		6309		6311		6313		6314		6316		6316		6319		6324		
6325		6325		6326		6331		6333		6333		6334		6335		6335		6337		
6338		6339		6339		6342		6343		6343		6343		6348		6349		6350		
6352		6353		6354		6357		6358		6358		6360		6361		6362		6363		
6363		6363		6366		6366		6366		6367		6368		6369		6369		6371		
6373		6373		6375		6375		6376		6378		6379		6380		6383		6386		
6386		6386		6388		6388		6392		6393		6394		6396		6396		6396		
6400		6400		6401		6402		6402		6402		6403		6405		6405		6408		
6409		6410		6412		6412		6414		6415		6416		6417		6420		6420		
6422		6422		6422		6422		6423		6424		6424		6424		6424		6425		
6426		6427		6432		6432		6433		6434		6435		6437		6437		6438		
6438		6440		6441		6441		6444		6446		6446		6448		6449		6449		
6450		6450		6451		6451		6453		6453		6454		6456		6457		6458		
6458		6459		6459		6464		6465		6466		6467		6468		6468		6469		
6470		6472		6472		6472		6473		6474		6474		6475		6475		6475		
6477		6477		6478		6480		6480		6480		6480		6481		6482		6483		
6484		6486		6489		6490		6490		6491		6493		6495		6496		6496		
6497		6499		6505		6509		6511		6511		6512		6514		6515		6515		
6515		6517		6517		6517		6518		6519		6521		6523		6523		6523		
6524		6527		6528		6528		6529		6532		6534		6534		6534		6534		
6535		6537		6537		6537		6540		6542		6546		6546		6551		6551		
6552		6555		6557		6559		6561		6562		6563		6564		6567		6568		
6571		6571		6573		6574		6577		6578		6578		6578		6579		6580		
6580		6586		6587		6588		6590		6591		6591		6592		6594		6595		
6596		6596		6596		6596		6597		6598		6598		6598		6600		6600		
6601		6603		6607		6607		6608		6608		6610		6610		6610		6611		
6612		6613		6613		6614		6615		6616		6616		6617		6618		6618		
6619		6619		6621		6621		6625		6625		6626		6627		6628		6630		
6630		6631		6632		6633		6633		6633		6634		6636		6636		6637		
6638		6640		6641		6643		6643		6644		6644		6645		6648		6648		
6650		6650		6651		6652		6655		6655		6656		6657		6657		6658		
6660		6661		6661		6662		6662		6662		6662		6663		6664		6665		
6666		6667		6667		6669		6670		6671		6673		6674		6675		6676		
6679		6679		6679		6680		6681		6682		6683		6683		6683		6684		
6684		6686		6687		6688		6689		6689		6691		6691		6693		6695		
6695		6697		6698		6698		6700		6700		6703		6704		6704		6705		
6706		6710		6711		6711		6711		6711		6712		6713		6714		6715		
6716		6717		6719		6719		6720		6721		6721		6725		6730		6731		
6731		6732		6732		6734		6734		6737		6738		6739		6741		6742		
6743		6744		6744		6745		6745		6745		6748		6748		6749		6750		
6752		6753		6753		6755		6756		6758		6763		6763		6764		6765		
6766		6766		6768		6769		6769		6769		6769		6771		6772		6773		
6773		6773		6776		6778		6782		6783		6783		6783		6784		6784		
6790		6792		6793		6794		6794		6797		6797		6799		6799		6803		
6804		6804		6805		6805		6805		6807		6807		6809		6810		6810		
6812		6812		6813		6813		6814		6815		6817		6818		6818		6819		
6821		6822		6822		6824		6825		6825		6826		6827		6828		6832		
6834		6835		6836		6836		6837		6838		6838		6838		6839		6839		
6840		6840		6840		6844		6844		6846		6848		6848		6849		6849		
6849		6849		6849		6849		6849		6849		6849		6850		6850		6852		
6853		6854		6855		6856		6857		6859		6862		6863		6865		6865		
6865		6867		6867		6870		6871		6871		6873		6875		6876		6876		
6881		6881		6882		6882		6884		6884		6885		6887		6888		6888		
6888		6889		6890		6891		6892		6893		6894		6894		6895		6896		
6896		6897		6897		6899		6901		6903		6904		6905		6905		6906		
6907		6908		6910		6910		6910		6912		6912		6913		6914		6914		
6915		6916		6916		6918		6920		6920		6921		6922		6922		6926		
6926		6927		6927		6928		6928		6929		6929		6930		6931		6935		
6936		6938		6939		6940		6945		6946		6951		6954		6955		6958		
6958		6958		6959		6961		6961		6962		6963		6964		6965		6965		
6966		6966		6966		6966		6967		6967		6967		6969		6969		6970		
6971		6973		6973		6973		6973		6974		6975		6976		6978		6978		
6981		6982		6986		6986		6986		6987		6987		6987		6987		6988		
6989		6989		6989		6991		6992		6994		6996		6996		6999		7001		
7001		7002		7005		7005		7007		7008		7009		7012		7012		7012		
7015		7016		7016		7016		7017		7018		7019		7020		7021		7022		
7024		7025		7025		7025		7025		7025		7028		7029		7029		7031		
7032		7033		7034		7035		7036		7039		7039		7040		7041		7041		
7042		7044		7044		7047		7050		7053		7055		7055		7055		7055		
7055		7057		7057		7058		7059		7059		7060		7060		7062		7063		
7063		7064		7065		7066		7067		7067		7068		7068		7069		7069		
7070		7073		7073		7074		7076		7076		7077		7079		7081		7081		
7082		7083		7083		7083		7088		7089		7090		7091		7093		7094		
7094		7094		7097		7097		7101		7104		7105		7105		7106		7106		
7108		7108		7108		7109		7110		7110		7111		7111		7112		7112		
7120		7120		7121		7126		7127		7128		7128		7128		7128		7129		
7130		7130		7131		7132		7135		7139		7140		7140		7141		7143		
7143		7143		7145		7148		7148		7149		7151		7151		7151		7151		
7152		7154		7154		7157		7158		7161		7161		7163		7163		7164		
7164		7164		7166		7166		7166		7167		7167		7169		7171		7171		
7173		7173		7175		7176		7178		7180		7180		7180		7183		7185		
7186		7187		7187		7188		7188		7188		7189		7189		7190		7194		
7195		7196		7197		7198		7198		7205		7206		7206		7208		7208		
7209		7210		7210		7211		7212		7213		7213		7215		7216		7218		
7220		7223		7225		7225		7226		7227		7228		7232		7234		7235		
7236		7239		7240		7240		7240		7242		7242		7243		7244		7246		
7248		7249		7249		7252		7252		7253		7253		7254		7254		7254		
7256		7260		7260		7260		7263		7264		7264		7266		7267		7267		
7268		7269		7270		7272		7277		7279		7280		7281		7282		7283		
7283		7284		7285		7286		7287		7288		7289		7291		7292		7293		
7295		7295		7295		7295		7296		7296		7297		7297		7298		7298		
7301		7302		7302		7303		7303		7303		7304		7305		7305		7305		
7305		7306		7306		7309		7312		7312		7314		7314		7319		7322		
7325		7325		7329		7334		7335		7335		7336		7337		7338		7338		
7339		7340		7340		7341		7341		7342		7345		7345		7345		7345		
7347		7350		7351		7353		7355		7356		7356		7357		7359		7360		
7362		7363		7363		7364		7365		7365		7365		7365		7366		7367		
7369		7370		7370		7371		7371		7371		7371		7372		7375		7375		
7376		7378		7379		7381		7382		7382		7383		7384		7385		7386		
7387		7387		7388		7390		7391		7391		7393		7393		7393		7396		
7397		7397		7398		7399		7402		7403		7405		7405		7406		7413		
7414		7414		7418		7419		7421		7421		7421		7422		7422		7424		
7424		7427		7428		7429		7429		7430		7430		7431		7432		7436		
7437		7439		7441		7441		7442		7442		7443		7444		7444		7445		
7446		7446		7446		7447		7447		7449		7453		7454		7454		7455		
7456		7456		7457		7459		7460		7460		7461		7462		7463		7463		
7464		7465		7467		7468		7469		7471		7473		7475		7475		7475		
7475		7475		7476		7477		7478		7478		7481		7482		7482		7485		
7485		7486		7487		7487		7488		7488		7488		7490		7490		7492		
7492		7493		7496		7498		7498		7498		7499		7499		7503		7504		
7505		7505		7506		7506		7508		7508		7511		7511		7513		7516		
7517		7518		7520		7521		7522		7523		7524		7525		7525		7527		
7528		7528		7529		7529		7530		7532		7537		7538		7540		7540		
7540		7542		7542		7542		7544		7545		7546		7548		7549		7549		
7549		7549		7549		7550		7551		7552		7553		7553		7554		7556		
7557		7565		7566		7566		7569		7570		7570		7570		7574		7574		
7575		7576		7577		7578		7580		7582		7582		7585		7585		7585		
7585		7586		7586		7587		7587		7587		7589		7590		7591		7593		
7593		7594		7595		7596		7596		7598		7600		7600		7601		7601		
7603		7603		7604		7604		7605		7606		7606		7609		7610		7610		
7613		7613		7613		7614		7614		7614		7615		7617		7617		7617		
7618		7619		7620		7622		7623		7624		7625		7627		7628		7631		
7632		7636		7638		7639		7639		7641		7641		7642		7642		7643		
7643		7643		7647		7647		7648		7648		7651		7651		7652		7653		
7653		7655		7655		7658		7659		7660		7661		7661		7661		7663		
7664		7665		7666		7669		7670		7671		7672		7672		7672		7672		
7676		7678		7679		7681		7682		7684		7684		7685		7686		7688		
7690		7692		7692		7694		7694		7695		7695		7697		7697		7698		
7699		7699		7699		7700		7701		7701		7701		7703		7705		7711		
7711		7712		7713		7716		7717		7718		7719		7720		7722		7723		
7725		7725		7726		7726		7727		7730		7730		7731		7731		7732		
7732		7733		7734		7734		7734		7737		7737		7737		7738		7738		
7739		7739		7740		7740		7740		7741		7742		7743		7746		7747		
7750		7752		7753		7753		7753		7757		7757		7758		7759		7760		
7761		7762		7762		7764		7765		7765		7766		7766		7766		7769		
7769		7772		7772		7774		7777		7779		7782		7784		7785		7785		
7786		7786		7787		7787		7788		7790		7791		7791		7792		7792		
7796		7798		7798		7799		7799		7799		7799		7800		7800		7802		
7804		7804		7805		7806		7808		7810		7811		7814		7814		7815		
7815		7816		7817		7818		7818		7819		7819		7824		7825		7828		
7828		7829		7831		7833		7835		7836		7836		7838		7838		7838		
7839		7840		7842		7844		7844		7844		7844		7845		7846		7849		
7851		7852		7852		7854		7854		7854		7855		7855		7857		7862		
7863		7865		7865		7868		7868		7869		7874		7874		7875		7876		
7876		7877		7877		7880		7882		7882		7883		7883		7886		7888		
7888		7888		7889		7891		7891		7892		7892		7896		7896		7897		
7897		7898		7898		7899		7900		7900		7901		7902		7903		7909		
7912		7913		7914		7915		7915		7915		7917		7917		7917		7917		
7917		7919		7922		7923		7925		7926		7928		7930		7931		7932		
7933		7933		7935		7936		7940		7940		7941		7941		7943		7944		
7948		7949		7950		7951		7951		7952		7955		7955		7955		7956		
7958		7958		7959		7960		7961		7961		7962		7962		7964		7965		
7968		7968		7969		7970		7971		7971		7971		7974		7974		7976		
7976		7976		7977		7977		7978		7979		7979		7981		7982		7983		
7984		7984		7985		7987		7990		7991		7992		7994		7994		7996		
7999		8000		8000		8001		8003		8003		8004		8005		8005		8005		
8005		8006		8006		8009		8009		8011		8011		8014		8016		8016		
8016		8017		8017		8018		8019		8020		8023		8024		8025		8025		
8026		8027		8028		8028		8028		8030		8032		8033		8034		8035		
8036		8037		8038		8038		8039		8039		8039		8040		8040		8043		
8043		8044		8045		8047		8047		8047		8049		8050		8050		8051		
8053		8054		8055		8055		8057		8058		8063		8063		8064		8064		
8067		8068		8069		8071		8072		8073		8073		8073		8074		8074		
8074		8075		8075		8076		8077		8078		8080		8081		8082		8082		
8083		8083		8084		8084		8086		8087		8087		8088		8088		8089		
8089		8090		8091		8095		8096		8097		8098		8098		8098		8098		
8101		8101		8103		8104		8104		8105		8105		8107		8107		8109		
8111		8112		8113		8114		8114		8117		8118		8119		8120		8123		
8123		8123		8123		8125		8125		8127		8128		8134		8134		8134		
8134		8137		8137		8141		8144		8146		8146		8146		8146		8147		
8148		8148		8149		8151		8152		8152		8153		8154		8154		8155		
8156		8158		8158		8158		8158		8161		8161		8161		8162		8164		
8164		8166		8168		8168		8168		8169		8169		8171		8171		8171		
8171		8175		8177		8180		8180		8181		8181		8181		8182		8184		
8186		8188		8188		8188		8190		8190		8190		8191		8191		8194		
8195		8196		8199		8202		8204		8204		8205		8205		8205		8208		
8209		8210		8212		8212		8213		8215		8216		8217		8217		8218		
8218		8219		8222		8225		8225		8226		8228		8228		8228		8229		
8231		8236		8238		8241		8245		8246		8246		8246		8246		8247		
8247		8247		8249		8249		8249		8251		8252		8258		8258		8259		
8261		8261		8261		8262		8263		8264		8265		8265		8266		8266		
8267		8271		8271		8273		8274		8275		8275		8276		8277		8277		
8279		8279		8279		8280		8280		8281		8281		8281		8282		8285		
8286		8287		8288		8288		8289		8292		8295		8300		8301		8301		
8301		8302		8302		8303		8303		8304		8305		8306		8306		8307		
8307		8307		8308		8308		8309		8310		8312		8313		8313		8316		
8317		8321		8321		8323		8325		8326		8328		8329		8331		8331		
8332		8332		8333		8334		8335		8335		8336		8343		8344		8345		
8347		8347		8348		8348		8348		8349		8349		8351		8352		8353		
8355		8357		8359		8360		8363		8364		8365		8365		8366		8369		
8370		8371		8372		8372		8376		8376		8377		8378		8378		8379		
8379		8380		8381		8381		8383		8384		8385		8385		8387		8389		
8389		8389		8390		8390		8391		8393		8393		8393		8395		8397		
8397		8398		8399		8399		8401		8401		8403		8404		8406		8406		
8406		8406		8408		8411		8411		8412		8414		8416		8418		8419		
8420		8420		8421		8421		8422		8422		8422		8423		8423		8427		
8428		8429		8429		8430		8431		8432		8433		8434		8435		8437		
8437		8438		8438		8440		8441		8442		8443		8443		8446		8446		
8446		8447		8450		8450		8452		8452		8453		8454		8455		8457		
8458		8459		8459		8461		8463		8467		8468		8472		8472		8474		
8474		8475		8476		8478		8479		8479		8481		8481		8482		8482		
8484		8487		8489		8490		8492		8493		8494		8495		8495		8496		
8496		8501		8502		8502		8503		8503		8503		8503		8504		8504		
8506		8507		8509		8509		8510		8512		8515		8515		8518		8518		
8520		8520		8521		8521		8526		8531		8534		8534		8535		8535		
8536		8536		8536		8537		8540		8540		8542		8543		8544		8545		
8545		8546		8547		8548		8550		8551		8552		8553		8554		8554		
8555		8556		8556		8557		8557		8559		8561		8563		8563		8563		
8563		8563		8564		8564		8565		8565		8565		8566		8567		8567		
8568		8571		8572		8573		8573		8575		8575		8579		8580		8580		
8581		8581		8582		8582		8586		8586		8593		8593		8593		8594		
8595		8597		8598		8598		8599		8601		8601		8602		8604		8604		
8607		8608		8608		8608		8609		8610		8611		8611		8612		8613		
8613		8614		8615		8617		8617		8619		8620		8620		8624		8625		
8625		8629		8630		8631		8632		8632		8633		8633		8634		8635		
8636		8637		8638		8640		8640		8643		8644		8646		8646		8648		
8648		8651		8652		8654		8656		8656		8656		8657		8660		8660		
8660		8663		8666		8666		8667		8668		8673		8674		8674		8676		
8677		8677		8678		8679		8679		8679		8680		8681		8682		8682		
8685		8686		8687		8687		8688		8689		8689		8690		8692		8692		
8692		8693		8693		8693		8693		8694		8695		8697		8699		8700		
8700		8705		8705		8706		8706		8709		8711		8713		8714		8714		
8716		8716		8717		8717		8719		8719		8723		8723		8724		8727		
8727		8729		8729		8736		8737		8737		8740		8740		8742		8743		
8745		8745		8746		8746		8746		8747		8748		8748		8751		8751		
8751		8752		8753		8754		8755		8755		8757		8759		8760		8760		
8764		8765		8767		8768		8770		8770		8770		8772		8772		8774		
8774		8774		8774		8774		8776		8776		8777		8778		8780		8780		
8781		8781		8784		8786		8787		8787		8787		8789		8790		8791		
8792		8792		8794		8794		8797		8798		8798		8798		8800		8800		
8801		8803		8805		8805		8806		8806		8807		8808		8808		8809		
8810		8811		8812		8812		8812		8812		8813		8815		8815		8817		
8817		8818		8820		8821		8824		8826		8826		8827		8827		8827		
8828		8828		8828		8830		8832		8832		8833		8834		8835		8835		
8835		8836		8836		8836		8836		8837		8837		8838		8839		8840		
8840		8841		8843		8844		8844		8846		8846		8847		8849		8850		
8851		8853		8854		8854		8855		8856		8856		8856		8857		8858		
8862		8863		8863		8863		8863		8864		8864		8864		8864		8865		
8866		8868		8869		8870		8871		8872		8872		8873		8874		8878		
8878		8879		8879		8881		8881		8883		8883		8885		8888		8888		
8890		8892		8894		8895		8896		8897		8899		8900		8900		8902		
8903		8904		8906		8906		8907		8908		8910		8911		8911		8913		
8913		8914		8914		8915		8915		8915		8918		8918		8918		8918		
8920		8920		8921		8924		8924		8928		8928		8929		8930		8930		
8931		8931		8933		8936		8936		8941		8944		8944		8945		8945		
8946		8947		8947		8948		8949		8949		8949		8951		8955		8956		
8957		8957		8961		8962		8963		8964		8964		8966		8966		8966		
8966		8967		8967		8968		8968		8970		8974		8975		8977		8979		
8980		8980		8983		8986		8986		8986		8988		8988		8992		8992		
8992		8993		8995		8995		8997		8997		8998		9001		9002		9006		
9010		9010		9011		9012		9013		9013		9014		9016		9017		9019		
9019		9021		9023		9024		9025		9026		9028		9029		9030		9030		
9031		9032		9034		9034		9035		9036		9039		9043		9044		9045		
9046		9046		9047		9047		9048		9049		9050		9051		9052		9052		
9053		9054		9054		9055		9055		9058		9059		9060		9060		9060		
9061		9062		9064		9066		9066		9066		9070		9071		9071		9072		
9074		9074		9074		9075		9075		9078		9079		9080		9082		9082		
9083		9084		9085		9085		9087		9087		9090		9091		9094		9095		
9095		9096		9097		9099		9100		9101		9101		9101		9101		9102		
9103		9105		9105		9105		9107		9108		9108		9109		9110		9111		
9111		9113		9113		9114		9114		9115		9115		9116		9118		9118		
9120		9121		9121		9123		9123		9126		9127		9127		9127		9127		
9128		9128		9129		9130		9132		9135		9135		9139		9141		9143		
9144		9144		9144		9145		9145		9146		9147		9148		9149		9150		
9150		9151		9151		9152		9153		9153		9154		9154		9154		9155		
9157		9157		9158		9158		9160		9160		9160		9160		9162		9163		
9163		9163		9164		9165		9166		9168		9169		9169		9171		9172		
9173		9173		9174		9175		9176		9178		9178		9181		9182		9184		
9185		9188		9188		9192		9193		9193		9194		9194		9195		9198		
9198		9199		9199		9199		9200		9200		9201		9205		9205		9206		
9207		9207		9211		9212		9214		9214		9217		9217		9218		9220		
9220		9221		9222		9222		9223		9225		9230		9230		9230		9230		
9231		9232		9232		9234		9235		9240		9242		9244		9248		9248		
9248		9249		9250		9252		9252		9252		9252		9252		9253		9254		
9254		9254		9255		9255		9257		9258		9259		9260		9262		9263		
9266		9266		9266		9267		9267		9268		9268		9270		9273		9273		
9274		9274		9274		9274		9277		9278		9278		9278		9279		9280		
9281		9283		9284		9288		9289		9289		9289		9289		9291		9293		
9293		9294		9295		9295		9297		9298		9298		9301		9301		9302		
9302		9307		9308		9309		9309		9310		9310		9311		9313		9314		
9315		9315		9316		9316		9317		9317		9318		9319		9319		9320		
9321		9321		9321		9324		9324		9326		9328		9330		9331		9332		
9334		9336		9336		9337		9338		9340		9342		9342		9343		9345		
9346		9347		9348		9348		9348		9349		9349		9350		9350		9351		
9352		9353		9353		9355		9356		9356		9357		9357		9359		9360		
9360		9360		9360		9361		9363		9364		9366		9367		9368		9369		
9369		9370		9372		9375		9376		9376		9377		9377		9378		9379		
9380		9381		9381		9382		9384		9385		9387		9387		9387		9389		
9390		9393		9396		9397		9400		9401		9402		9405		9405		9406		
9407		9407		9410		9411		9419		9421		9422		9422		9425		9425		
9425		9426		9426		9427		9427		9428		9430		9431		9432		9434		
9436		9436		9439		9439		9443		9443		9444		9445		9446		9447		
9449		9449		9451		9451		9455		9456		9456		9456		9457		9457		
9459		9459		9459		9459		9460		9461		9461		9463		9464		9465		
9468		9468		9470		9470		9470		9471		9472		9475		9475		9476		
9476		9477		9481		9481		9483		9484		9485		9488		9489		9490		
9491		9491		9492		9493		9494		9494		9495		9497		9500		9501		
9502		9503		9504		9504		9509		9511		9512		9512		9512		9514		
9516		9517		9517		9517		9517		9518		9520		9520		9521		9521		
9524		9527		9528		9529		9530		9530		9531		9532		9532		9532		
9534		9538		9540		9542		9542		9545		9546		9547		9550		9551		
9552		9552		9554		9554		9555		9556		9558		9561		9563		9565		
9565		9566		9566		9569		9570		9572		9574		9576		9580		9580		
9581		9581		9581		9586		9586		9587		9587		9588		9589		9590		
9590		9592		9595		9598		9598		9600		9602		9603		9603		9603		
9603		9604		9605		9605		9605		9606		9607		9608		9609		9613		
9613		9614		9618		9623		9623		9624		9625		9627		9629		9632		
9633		9637		9639		9643		9644		9644		9645		9647		9648		9649		
9649		9650		9651		9651		9651		9653		9653		9653		9655		9657		
9657		9657		9665		9665		9667		9667		9668		9670		9671		9671		
9671		9671		9673		9676		9678		9679		9679		9680		9680		9680		
9684		9684		9684		9686		9688		9688		9688		9689		9690		9692		
9692		9692		9693		9693		9693		9694		9694		9694		9695		9695		
9696		9697		9701		9701		9702		9702		9703		9703		9703		9704		
9705		9706		9709		9710		9711		9712		9714		9715		9715		9717		
9717		9720		9724		9724		9725		9725		9726		9727		9728		9728		
9728		9730		9730		9731		9732		9733		9734		9734		9735		9736		
9738		9739		9740		9742		9742		9744		9745		9746		9746		9747		
9749		9750		9750		9750		9751		9751		9752		9753		9753		9754		
9755		9755		9755		9756		9757		9757		9761		9763		9764		9764		
9765		9765		9767		9767		9768		9770		9772		9773		9773		9773		
9774		9775		9779		9779		9779		9779		9780		9780		9781		9783		
9784		9785		9786		9787		9787		9787		9790		9792		9792		9793		
9793		9793		9796		9799		9799		9799		9800		9804		9805		9805		
9806		9807		9808		9809		9809		9810		9811		9811		9817		9817		
9818		9822		9825		9828		9829		9829		9830		9830		9833		9835		
9836		9836		9836		9837		9839		9839		9839		9840		9840		9840		
9843		9844		9844		9848		9849		9850		9851		9852		9853		9855		
9855		9856		9856		9857		9862		9862		9862		9863		9863		9863		
9864		9865		9869		9870		9870		9871		9877		9878		9878		9884		
9886		9886		9887		9888		9888		9888		9892		9892		9894		9896		
9898		9899		9899		9899		9899		9900		9900		9900		9900		9901		
9903		9903		9903		9904		9906		9907		9907		9907		9911		9913		
9915		9915		9916		9917		9919		9920		9921		9922		9922		9923		
9923		9926		9927		9928		9928		9929		9933		9935		9935		9936		
9937		9937		9938		9939		9940		9940		9940		9942		9942		9944		
9945		9946		9946		9947		9948		9950		9952		9954		9954		9956		
9958		9961		9963		9963		9965		9966		9966		9966		9966		9966		
9968		9968		9970		9973		9974		9975		9976		9976		9976		9976		
9978		9980		9981		9982		9983		9984		9984		9985		9985		9986		
9986		9990		9991		9992		9992		9994		9995		9998		9999		