2		2		4		4		4		5		6		7		7		9		
10		10		10		11		11		12		13		13		13		14		
14		15		15		15		16		17		19		19		20		21		
21		21		22		24		24		26		28		28		28		30		
30		30		31		31		34		34		34		35		36		38		
39		40		41		42		42		43		43		44		44		45		
46		47		47		47		47		49		49		52		54		54		
55		56		56		56		57		58		58		58		58		61		
62		63		64		66		66		68		69		71		71		71		
72		73		73		74		75		75		75		76		77		77		
77		78		79		79		81		82		82		82		84		84		
85		87		87		87		87		88		91		92		92		93		
93		94		95		95		95		97		97		99		100		100		
100		100		100		102		102		103		104		105		105		105		
107		109		110		110		111		111		111		112		112		112		
112		113		114		115		115		118		118		118		120		121		
121		121		122		126		128		128		129		129		132		134		
135		135		136		136		139		139		140		141		142		145		
148		148		148		150		151		151		152		152		152		152		
153		153		153		153		154		154		156		156		156		158		
159		160		161		161		162		162		166		166		166		169		
169		170		170		172		172		173		174		174		176		176		
177		178		179		179		183		184		184		185		186		186		
187		187		187		188		190		192		192		194		195		195		
197		197		198		198		200		200		200		200		201		202		
203		206		206		207		208		208		209		209		209		209		
210		212		213		213		214		215		216		216		219		220		
220		220		220		221		222		223		226		226		228		228		
230		230		231		232		234		234		234		236		238		239		
239		240		240		240		241		241		244		244		245		245		
246		247		248		248		252		253		255		256		257		258		
258		259		259		260		261		262		262		264		265		266		
267		268		270		270		271		271		272		273		276		278		
278		279		279		280		280		281		281		281		282		282		
282		284		286		286		286		286		287		287		287		287		
288		288		289		289		289		290		292		292		293		294		
295		295		295		295		296		298		299		300		301		301		
301		302		304		304		304		305		305		307		307		307		
308		308		310		311		311		313		313		314		315		315		
315		316		317		317		317		318		319		319		321		321		
321		321		323		324		324		324		325		325		325		326		
327		329		329		330		330		331		332		332		333		335		
337		337		338		338		339		339		339		340		340		340		
342		343		345		346		346		346		348		348		348		348		
349		349		350		350		350		352		354		356		359		359		
360		361		362		362		362		363		363		363		364		364		
366		367		367		367		367		368		369		369		371		372		
373		376		376		377		377		379		379		381		381		384		
384		384		385		385		386		388		389		390		391		391		
391		393		393		393		394		394		394		396		397		398		
398		399		400		401		401		402		402		403		406		406		
407		407		410		412		414		414		416		418		419		421		
422		422		422		424		425		425		425		425		426		426		
426		426		426		426		426		427		428		429		429		430		
431		434		434		434		435		435		435		437		438		440		
441		442		443		443		444		445		445		445		447		447		
448		448		449		450		450		452		452		455		456		457		
458		459		460		460		462		463		463		464		465		465		
465		466		467		467		468		468		468		468		469		470		
470		470		471		471		472		472		473		473		474		475		
476		480		480		480		481		481		482		486		490		491		
492		492		493		494		495		496		497		498		499		500		
501		501		501		501		502		502		502		503		503		503		
503		504		505		506		506		506		507		507		508		509		
509		509		511		511		511		512		513		514		515		516		
516		516		517		518		520		520		521		521		522		522		
523		523		524		525		525		525		525		526		526		527		
527		528		528		529		530		531		534		534		536		538		
538		539		539		540		540		541		541		542		543		545		
546		547		549		549		549		550		551		551		552		554		
555		556		556		557		557		557		558		559		559		560		
563		563		563		563		563		563		564		564		565		566		
566		567		569		569		569		571		571		572		572		573		
573		574		574		574		576		577		578		579		580		581		
582		582		583		583		584		586		586		587		587		588		
590		591		592		593		594		595		596		596		597		598		
599		599		600		600		600		601		603		604		604		604		
606		607		607		607		607		608		609		609		610		611		
611		611		611		613		614		615		616		617		618		618		
619		619		620		620		620		621		623		623		624		625		
625		626		627		627		628		629		629		629		630		632		
632		633		634		635		635		635		636		636		636		637		
638		641		641		641		642		642		643		643		644		644		
644		645		648		648		649		650		650		650		651		651		
651		651		652		652		653		653		654		654		655		655		
657		659		659		659		660		662		663		663		664		664		
666		668		668		668		671		672		673		673		674		674		
675		675		676		677		677		677		678		679		680		681		
682		682		683		683		684		684		685		685		688		689		
689		689		690		691		692		693		694		695		696		697		
699		699		700		700		701		701		701		702		703		704		
706		707		707		708		708		709		709		709		710		710		
711		712		712		713		715		715		716		716		717		717		
719		722		723		723		724		725		726		726		727		728		
729		730		730		732		732		732		733		733		733		734		
734		735		735		736		737		737		740		741		741		743		
743		744		746		746		747		747		747		747		748		749		
750		751		756		756		757		758		760		761		761		762		
762		763		764		765		766		766		766		767		768		768		
768		768		770		771		771		771		772		772		772		772		
773		774		774		775		777		779		781		783		783		783		
785		785		786		786		787		788		793		793		793		794		
794		796		797		797		797		798		798		799		801		801		
801		802		803		804		805		809		809		809		810		811		
812		812		813		814		815		817		821		821		822		822		
823		823		824		825		825		826		827		828		829		830		
831		833		835		835		836		836		836		837		837		838		
839		840		841		841		841		841		842		842		842		842		
843		844		844		845		845		845		847		848		849		851		
851		851		852		853		854		854		854		855		855		856		
856		857		858		859		861		862		863		864		864		864		
864		865		866		866		866		867		868		869		869		870		
870		870		870		871		872		872		872		872		873		874		
878		878		879		879		880		882		882		883		883		883		
884		885		886		886		886		887		890		890		891		892		
892		893		894		895		895		896		896		898		898		899		
899		899		900		901		903		903		904		905		905		906		
907		908		909		909		911		912		915		915		916		916		
916		917		918		919		919		919		920		924		924		926		
926		928		928		931		931		933		933		934		935		936		
938		938		939		940		940		940		941		942		943		943		
944		945		946		947		947		951		951		952		952		952		
953		953		954		955		956		956		957		957		960		961		
962		964		964		964		966		967		968		969		971		971		
972		972		974		977		977		978		979		980		980		980		
981		981		982		982		983		983		983		983		985		986		
986		987		988		988		989		991		991		993		994		994		
995		995		996		1000		1000		1003		1004		1006		1007		1007		
1008		1011		1013		1013		1015		1016		1016		1017		1018		1019		
1019		1020		1020		1021		1021		1022		1022		1023		1024		1025		
1025		1025		1026		1027		1029		1030		1030		1031		1031		1032		
1032		1032		1033		1034		1036		1036		1036		1037		1037		1038		
1040		1040		1040		1040		1044		1044		1045		1045		1047		1048		
1052		1052		1052		1055		1057		1058		1058		1059		1059		1059		
1060		1062		1062		1063		1064		1064		1065		1067		1067		1067		
1067		1067		1069		1069		1072		1072		1073		1073		1073		1074		
1075		1076		1078		1078		1079		1079		1080		1080		1081		1081		
1083		1083		1083		1084		1084		1084		1085		1085		1087		1088		
1088		1089		1090		1090		1091		1092		1092		1093		1094		1094		
1095		1098		1100		1101		1101		1103		1103		1104		1105		1106		
1107		1109		1109		1110		1111		1111		1111		1116		1117		1117		
1118		1119		1119		1120		1120		1121		1123		1123		1125		1125		
1126		1126		1127		1128		1128		1129		1130		1131		1133		1133		
1134		1134		1134		1135		1135		1135		1136		1138		1138		1139		
1140		1142		1142		1142		1142		1142		1146		1147		1147		1149		
1149		1149		1151		1151		1151		1151		1152		1152		1153		1153		
1153		1154		1156		1159		1159		1159		1160		1160		1161		1161		
1162		1163		1163		1164		1164		1165		1165		1165		1166		1167		
1168		1170		1170		1170		1171		1171		1171		1171		1172		1172		
1173		1173		1174		1176		1177		1178		1178		1180		1183		1183		
1184		1185		1190		1191		1191		1191		1192		1192		1193		1194		
1194		1197		1200		1201		1202		1202		1203		1204		1204		1205		
1206		1207		1207		1207		1207		1208		1211		1211		1211		1212		
1213		1214		1215		1215		1215		1215		1217		1220		1220		1221		
1221		1221		1225		1225		1228		1228		1229		1230		1230		1233		
1233		1233		1233		1234		1237		1239		1240		1240		1243		1243		
1243		1243		1244		1244		1246		1246		1246		1247		1248		1250		
1251		1251		1253		1255		1255		1257		1258		1258		1260		1260		
1260		1261		1261		1263		1263		1264		1264		1264		1266		1267		
1268		1268		1271		1271		1272		1273		1273		1274		1274		1274		
1277		1278		1279		1279		1280		1282		1282		1282		1283		1284		
1284		1285		1287		1289		1289		1290		1290		1291		1292		1292		
1293		1294		1294		1294		1295		1296		1296		1296		1298		1298		
1299		1299		1300		1300		1300		1301		1301		1302		1302		1302		
1302		1302		1302		1302		1303		1303		1304		1305		1308		1309		
1309		1309		1310		1310		1311		1312		1313		1313		1314		1315		
1317		1317		1317		1318		1318		1318		1319		1319		1319		1319		
1319		1320		1321		1323		1324		1325		1327		1327		1328		1328		
1330		1332		1332		1333		1334		1334		1335		1336		1338		1338		
1339		1340		1341		1342		1342		1342		1345		1345		1345		1345		
1346		1346		1347		1347		1349		1351		1353		1355		1355		1355		
1357		1358		1359		1359		1360		1360		1362		1363		1365		1366		
1368		1372		1372		1372		1372		1372		1373		1374		1374		1375		
1375		1376		1377		1378		1379		1380		1380		1381		1383		1383		
1384		1384		1387		1387		1387		1387		1388		1388		1389		1390		
1390		1390		1390		1391		1394		1394		1395		1396		1396		1396		
1397		1398		1398		1399		1402		1402		1403		1403		1403		1404		
1405		1407		1407		1409		1410		1412		1413		1414		1415		1415		
1416		1416		1418		1419		1419		1420		1422		1423		1424		1425		
1426		1427		1427		1432		1432		1434		1435		1436		1437		1438		
1439		1439		1440		1440		1441		1441		1441		1443		1443		1444		
1445		1445		1445		1446		1446		1447		1447		1449		1453		1453		
1454		1455		1456		1457		1458		1459		1460		1460		1461		1461		
1462		1463		1463		1463		1463		1464		1464		1465		1465		1466		
1467		1467		1468		1468		1469		1470		1470		1473		1473		1473		
1474		1474		1475		1476		1476		1476		1476		1477		1478		1478		
1478		1479		1481		1481		1482		1482		1485		1485		1486		1487		
1488		1489		1489		1489		1490		1492		1495		1496		1497		1497		
1498		1499		1500		1501		1501		1501		1501		1502		1503		1504		
1506		1506		1508		1508		1508		1508		1509		1510		1512		1513		
1515		1515		1515		1515		1517		1519		1521		1521		1522		1523		
1525		1526		1526		1527		1527		1528		1528		1529		1530		1530		
1530		1532		1534		1535		1536		1536		1538		1541		1541		1543		
1544		1544		1544		1545		1545		1548		1549		1550		1554		1554		
1554		1554		1555		1555		1556		1556		1557		1557		1557		1557		
1559		1559		1560		1560		1562		1563		1563		1564		1564		1564		
1564		1566		1566		1567		1568		1569		1571		1572		1573		1573		
1573		1574		1574		1575		1575		1576		1576		1578		1578		1579		
1582		1583		1583		1585		1585		1586		1587		1588		1588		1588		
1588		1589		1589		1590		1590		1592		1593		1593		1594		1594		
1594		1595		1597		1597		1598		1599		1599		1600		1600		1602		
1603		1603		1605		1605		1606		1606		1607		1607		1609		1609		
1609		1611		1611		1611		1612		1612		1612		1613		1614		1614		
1615		1615		1617		1617		1618		1618		1620		1621		1622		1623		
1624		1625		1630		1631		1631		1632		1633		1633		1634		1634		
1634		1634		1634		1635		1636		1637		1637		1638		1639		1640		
1640		1640		1641		1642		1642		1642		1642		1643		1643		1643		
1644		1644		1647		1647		1649		1650		1651		1653		1653		1654		
1656		1656		1657		1658		1659		1661		1662		1663		1664		1665		
1667		1667		1667		1667		1668		1669		1670		1672		1674		1675		
1676		1677		1678		1678		1679		1679		1679		1680		1680		1680		
1681		1681		1682		1683		1683		1685		1685		1686		1687		1687		
1691		1693		1695		1697		1699		1700		1700		1701		1701		1702		
1702		1705		1705		1706		1706		1708		1708		1709		1709		1709		
1710		1711		1711		1711		1713		1714		1715		1716		1716		1716		
1718		1718		1721		1721		1722		1723		1723		1724		1724		1724		
1727		1729		1730		1731		1732		1733		1734		1734		1735		1736		
1736		1738		1740		1742		1742		1742		1743		1743		1744		1744		
1745		1745		1747		1747		1750		1751		1751		1752		1753		1754		
1755		1755		1755		1756		1757		1757		1758		1760		1760		1760		
1762		1763		1764		1764		1767		1768		1768		1768		1768		1769		
1770		1770		1770		1771		1771		1772		1773		1774		1775		1776		
1776		1777		1777		1778		1781		1781		1781		1781		1782		1783		
1783		1784		1785		1785		1786		1787		1789		1789		1792		1792		
1793		1793		1794		1796		1797		1798		1799		1801		1801		1803		
1803		1805		1805		1805		1806		1806		1807		1808		1808		1808		
1810		1810		1810		1810		1811		1812		1813		1813		1813		1815		
1817		1817		1817		1818		1819		1819		1820		1820		1823		1823		
1824		1826		1826		1827		1828		1829		1829		1834		1834		1836		
1836		1836		1836		1837		1837		1838		1840		1840		1840		1840		
1841		1842		1842		1843		1846		1847		1849		1849		1849		1849		
1850		1850		1851		1853		1854		1855		1856		1857		1859		1860		
1860		1862		1862		1862		1862		1863		1863		1863		1866		1866		
1867		1867		1869		1869		1870		1870		1870		1872		1873		1873		
1873		1873		1873		1874		1877		1877		1878		1879		1881		1882		
1883		1884		1887		1888		1890		1891		1894		1896		1897		1899		
1899		1900		1901		1902		1902		1903		1904		1904		1905		1905		
1906		1907		1908		1908		1908		1909		1909		1910		1911		1911		
1915		1916		1917		1918		1918		1921		1922		1922		1923		1924		
1925		1925		1925		1926		1928		1929		1930		1931		1931		1934		
1934		1936		1937		1937		1937		1938		1939		1940		1941		1944		
1946		1946		1947		1947		1947		1947		1948		1948		1948		1948		
1948		1949		1949		1952		1952		1952		1952		1953		1954		1955		
1955		1956		1956		1957		1958		1959		1959		1960		1960		1960		
1961		1961		1962		1962		1963		1963		1965		1965		1965		1968		
1968		1969		1970		1972		1972		1972		1973		1974		1974		1974		
1976		1977		1977		1977		1978		1979		1979		1979		1979		1980		
1980		1980		1981		1981		1983		1983		1983		1986		1987		1988		
1988		1989		1990		1990		1991		1993		1993		1994		1995		1996		
1998		2000		2001		2005		2006		2006		2007		2009		2009		2010		
2010		2011		2011		2012		2014		2015		2016		2018		2019		2019		
2019		2021		2021		2022		2023		2023		2024		2024		2024		2024		
2025		2025		2026		2028		2028		2030		2030		2030		2030		2031		
2032		2032		2033		2034		2036		2037		2039		2041		2044		2045		
2045		2045		2045		2046		2047		2047		2047		2048		2048		2050		
2050		2051		2051		2051		2051		2052		2052		2053		2053		2054		
2055		2055		2056		2057		2058		2059		2059		2059		2060		2060		
2062		2062		2063		2063		2064		2064		2066		2066		2068		2069		
2070		2070		2071		2071		2072		2073		2075		2076		2077		2078		
2078		2079		2082		2082		2082		2083		2084		2084		2085		2086		
2087		2087		2087		2087		2088		2090		2091		2091		2091		2092		
2092		2094		2096		2099		2100		2101		2104		2104		2104		2104		
2104		2105		2105		2105		2105		2106		2107		2107		2108		2108		
2109		2110		2112		2112		2116		2118		2118		2120		2120		2122		
2123		2124		2124		2125		2126		2127		2127		2127		2127		2127		
2128		2129		2130		2132		2133		2134		2137		2137		2138		2139		
2139		2141		2144		2145		2145		2145		2145		2146		2146		2147		
2148		2148		2149		2149		2150		2152		2153		2155		2155		2155		
2158		2159		2160		2161		2163		2165		2165		2165		2166		2167		
2167		2168		2169		2169		2170		2171		2171		2171		2175		2176		
2177		2178		2178		2179		2179		2181		2184		2184		2189		2191		
2191		2191		2192		2193		2194		2196		2196		2197		2197		2198		
2198		2199		2199		2201		2201		2202		2202		2202		2203		2204		
2205		2206		2207		2208		2208		2209		2209		2209		2209		2209		
2210		2211		2211		2212		2212		2214		2216		2218		2218		2220		
2220		2223		2224		2225		2225		2225		2226		2227		2228		2229		
2230		2230		2231		2231		2231		2231		2233		2234		2234		2234		
2235		2235		2235		2236		2237		2237		2237		2239		2243		2243		
2246		2248		2248		2249		2249		2249		2251		2251		2251		2252		
2255		2256		2260		2261		2264		2264		2265		2267		2267		2269		
2270		2272		2274		2274		2274		2274		2275		2275		2275		2276		
2276		2276		2278		2282		2284		2284		2287		2289		2290		2290		
2291		2291		2291		2292		2292		2292		2293		2293		2294		2294		
2296		2296		2299		2300		2300		2301		2301		2302		2302		2302		
2303		2303		2304		2304		2304		2305		2305		2306		2306		2307		
2308		2308		2308		2308		2308		2310		2310		2310		2312		2312		
2313		2315		2317		2318		2319		2320		2320		2322		2324		2325		
2325		2326		2327		2327		2328		2329		2329		2330		2330		2332		
2332		2333		2334		2335		2335		2335		2336		2336		2337		2338		
2339		2340		2341		2342		2342		2342		2343		2343		2343		2344		
2344		2345		2345		2348		2349		2349		2349		2349		2349		2349		
2350		2350		2350		2350		2351		2354		2356		2356		2358		2359		
2359		2360		2360		2361		2361		2361		2363		2365		2366		2366		
2366		2370		2370		2371		2371		2372		2373		2374		2374		2375		
2378		2379		2379		2379		2381		2382		2387		2389		2390		2391		
2391		2391		2392		2393		2393		2393		2393		2394		2394		2395		
2396		2396		2397		2399		2400		2404		2404		2404		2404		2404		
2407		2407		2409		2411		2412		2414		2414		2416		2416		2418		
2418		2418		2419		2419		2419		2420		2420		2421		2422		2422		
2426		2426		2427		2427		2429		2430		2430		2430		2431		2431		
2431		2431		2431		2432		2433		2433		2433		2434		2434		2434		
2434		2434		2436		2436		2438		2438		2439		2439		2439		2439		
2442		2443		2444		2444		2444		2445		2447		2448		2448		2449		
2449		2450		2450		2451		2451		2451		2451		2452		2452		2453		
2459		2461		2461		2462		2462		2467		2467		2468		2469		2470		
2470		2470		2471		2472		2472		2472		2472		2473		2473		2473		
2474		2476		2477		2477		2478		2478		2479		2479		2479		2479		
2480		2480		2481		2481		2481		2483		2483		2484		2484		2485		
2485		2486		2487		2488		2488		2492		2492		2494		2494		2495		
2495		2496		2496		2496		2497		2498		2498		2499		2500		2502		
2504		2504		2506		2506		2506		2508		2510		2510		2510		2511		
2511		2511		2512		2512		2512		2513		2513		2514		2515		2515		
2516		2516		2517		2517		2518		2519		2519		2519		2520		2520		
2520		2521		2521		2522		2523		2523		2524		2526		2527		2530		
2530		2531		2531		2532		2532		2534		2535		2540		2541		2541		
2541		2542		2544		2545		2545		2547		2549		2550		2550		2551		
2551		2552		2552		2554		2554		2556		2556		2557		2558		2558		
2559		2561		2562		2562		2563		2564		2565		2565		2565		2568		
2568		2568		2570		2570		2571		2571		2571		2572		2573		2573		
2574		2576		2576		2576		2576		2577		2577		2579		2580		2580		
2581		2581		2582		2583		2584		2584		2585		2589		2589		2591		
2591		2592		2592		2593		2594		2594		2595		2596		2597		2598		
2599		2600		2602		2602		2603		2603		2603		2603		2603		2603		
2604		2605		2606		2606		2607		2609		2610		2612		2614		2614		
2615		2615		2615		2615		2615		2616		2617		2618		2619		2619		
2619		2619		2620		2621		2621		2622		2622		2622		2624		2625		
2625		2625		2626		2627		2628		2629		2630		2633		2634		2634		
2634		2637		2638		2638		2639		2639		2640		2642		2642		2643		
2643		2644		2645		2646		2648		2648		2649		2650		2650		2650		
2651		2651		2652		2653		2653		2655		2655		2655		2655		2656		
2656		2656		2657		2658		2659		2661		2662		2663		2664		2664		
2664		2666		2668		2669		2671		2672		2673		2673		2673		2674		
2676		2677		2679		2679		2679		2682		2682		2682		2684		2685		
2685		2688		2692		2692		2693		2693		2693		2693		2694		2695		
2695		2696		2696		2697		2697		2699		2699		2700		2701		2701		
2701		2702		2702		2703		2705		2705		2706		2707		2707		2710		
2710		2710		2711		2712		2712		2713		2713		2714		2715		2716		
2716		2717		2718		2718		2719		2721		2722		2723		2725		2725		
2726		2726		2726		2726		2727		2727		2727		2727		2727		2729		
2731		2731		2732		2733		2735		2736		2736		2737		2737		2739		
2739		2739		2741		2741		2741		2742		2743		2746		2747		2748		
2748		2749		2751		2752		2752		2754		2754		2756		2757		2758		
2759		2760		2760		2761		2761		2762		2763		2764		2764		2765		
2766		2766		2767		2767		2767		2767		2769		2772		2772		2773		
2774		2775		2777		2777		2778		2780		2781		2781		2782		2782		
2783		2784		2785		2785		2786		2786		2787		2790		2793		2794		
2794		2796		2797		2800		2801		2802		2803		2803		2804		2806		
2808		2809		2810		2815		2816		2816		2816		2816		2818		2818		
2818		2820		2820		2822		2823		2823		2825		2826		2826		2826		
2827		2828		2829		2831		2834		2835		2835		2836		2837		2837		
2837		2838		2839		2839		2846		2847		2847		2848		2850		2851		
2851		2852		2853		2854		2855		2856		2857		2858		2858		2859		
2859		2860		2861		2862		2863		2863		2863		2863		2864		2866		
2868		2869		2870		2870		2871		2871		2872		2874		2875		2877		
2878		2879		2882		2882		2883		2883		2883		2884		2884		2887		
2888		2889		2891		2891		2892		2894		2896		2897		2899		2900		
2900		2902		2903		2903		2906		2908		2908		2912		2912		2914		
2916		2916		2916		2917		2917		2918		2919		2919		2919		2919		
2920		2920		2921		2921		2921		2922		2925		2926		2927		2927		
2927		2928		2929		2930		2933		2934		2934		2934		2937		2938		
2939		2940		2941		2943		2943		2945		2945		2945		2946		2946		
2946		2946		2949		2949		2953		2953		2954		2955		2956		2956		
2957		2959		2960		2962		2963		2964		2965		2966		2967		2967		
2968		2970		2970		2970		2970		2970		2972		2974		2975		2976		
2976		2977		2979		2981		2982		2982		2983		2983		2985		2986		
2987		2987		2988		2989		2991		2995		2996		2997		2998		2998		
3000		3002		3003		3004		3006		3006		3006		3008		3009		3013		
3013		3014		3014		3016		3017		3018		3023		3024		3026		3027		
3027		3028		3028		3028		3028		3030		3031		3035		3037		3037		
3038		3039		3040		3040		3041		3042		3043		3044		3044		3046		
3046		3046		3047		3049		3050		3052		3052		3054		3054		3055		
3058		3060		3062		3064		3064		3064		3066		3067		3068		3073		
3074		3075		3075		3075		3076		3076		3078		3079		3079		3081		
3081		3081		3082		3083		3084		3085		3086		3086		3087		3089		
3090		3092		3094		3094		3094		3095		3097		3098		3100		3101		
3101		3105		3106		3108		3109		3111		3111		3113		3113		3114		
3114		3117		3117		3117		3119		3119		3120		3120		3121		3122		
3123		3124		3125		3126		3127		3127		3127		3133		3133		3136		
3138		3139		3140		3141		3141		3142		3146		3147		3149		3150		
3158		3159		3159		3159		3161		3162		3162		3164		3164		3165		
3166		3166		3167		3168		3169		3170		3170		3173		3175		3175		
3176		3180		3182		3183		3183		3183		3183		3184		3185		3186		
3189		3192		3192		3194		3195		3195		3197		3199		3200		3201		
3202		3202		3203		3205		3205		3205		3208		3208		3208		3208		
3209		3209		3209		3209		3210		3210		3211		3213		3213		3214		
3216		3220		3220		3221		3222		3223		3226		3228		3229		3232		
3232		3233		3234		3237		3238		3238		3238		3241		3242		3242		
3244		3249		3254		3254		3255		3256		3258		3259		3259		3259		
3260		3260		3260		3260		3263		3267		3267		3268		3268		3269		
3270		3271		3271		3271		3272		3274		3275		3276		3277		3277		
3278		3278		3279		3282		3282		3283		3284		3284		3284		3290		
3290		3290		3291		3292		3294		3297		3297		3298		3298		3299		
3303		3304		3305		3307		3308		3309		3309		3310		3311		3311		
3311		3312		3312		3312		3313		3316		3317		3317		3318		3319		
3321		3323		3324		3326		3326		3327		3327		3328		3330		3331		
3332		3332		3333		3334		3335		3336		3336		3339		3340		3341		
3341		3342		3342		3342		3343		3343		3345		3346		3348		3352		
3353		3354		3355		3355		3356		3356		3365		3366		3370		3370		
3370		3371		3371		3372		3372		3375		3377		3379		3383		3385		
3386		3389		3390		3391		3391		3392		3392		3394		3394		3395		
3395		3395		3396		3397		3400		3400		3401		3404		3405		3405		
3405		3406		3406		3406		3407		3408		3408		3409		3410		3410		
3412		3416		3416		3418		3418		3418		3419		3421		3421		3424		
3424		3424		3425		3426		3428		3428		3429		3430		3431		3433		
3434		3434		3435		3436		3436		3437		3438		3438		3439		3440		
3440		3441		3445		3449		3449		3451		3451		3454		3455		3456		
3457		3457		3457		3458		3458		3460		3460		3460		3461		3466		
3467		3467		3469		3469		3471		3471		3471		3472		3473		3473		
3476		3477		3477		3478		3478		3480		3480		3480		3481		3481		
3482		3483		3483		3484		3487		3487		3487		3488		3489		3489		
3489		3491		3493		3493		3493		3495		3495		3497		3497		3498		
3500		3503		3503		3506		3507		3507		3508		3509		3509		3510		
3511		3511		3512		3512		3512		3513		3513		3514		3515		3515		
3520		3521		3521		3521		3523		3524		3524		3524		3525		3526		
3533		3536		3536		3538		3538		3540		3541		3542		3543		3543		
3543		3546		3547		3549		3550		3552		3553		3553		3554		3554		
3555		3555		3556		3556		3557		3558		3562		3562		3562		3565		
3570		3571		3573		3574		3575		3577		3577		3578		3579		3579		
3580		3585		3586		3589		3589		3590		3594		3595		3598		3600		
3601		3601		3602		3602		3602		3602		3603		3607		3608		3608		
3612		3615		3615		3615		3616		3616		3617		3617		3617		3621		
3622		3622		3623		3624		3624		3627		3628		3629		3630		3631		
3631		3632		3633		3634		3635		3636		3636		3636		3636		3638		
3639		3641		3641		3642		3644		3646		3647		3648		3649		3650		
3651		3652		3653		3653		3655		3656		3656		3659		3664		3664		
3669		3669		3669		3673		3673		3674		3675		3676		3677		3679		
3681		3681		3682		3683		3687		3687		3687		3688		3688		3691		
3692		3692		3692		3693		3694		3695		3697		3698		3701		3701		
3702		3702		3703		3703		3703		3705		3707		3707		3707		3708		
3708		3708		3709		3709		3710		3711		3712		3714		3714		3714		
3715		3715		3715		3717		3719		3719		3721		3722		3723		3724		
3724		3724		3725		3726		3728		3728		3728		3731		3731		3732		
3733		3734		3736		3738		3739		3741		3743		3744		3744		3745		
3746		3747		3747		3747		3748		3752		3752		3754		3754		3758		
3759		3761		3761		3761		3762		3762		3763		3763		3763		3765		
3766		3767		3768		3768		3769		3771		3771		3771		3772		3773		
3773		3773		3776		3776		3781		3783		3785		3787		3788		3790		
3791		3792		3793		3794		3794		3794		3795		3796		3797		3798		
3798		3800		3800		3802		3803		3804		3806		3810		3810		3812		
3813		3813		3813		3814		3814		3815		3815		3817		3818		3819		
3819		3820		3820		3821		3821		3821		3822		3826		3827		3827		
3828		3830		3830		3832		3832		3835		3835		3835		3836		3837		
3841		3842		3843		3844		3844		3846		3848		3848		3851		3853		
3857		3857		3860		3862		3862		3863		3864		3865		3865		3866		
3867		3868		3868		3871		3873		3874		3874		3874		3878		3879		
3880		3885		3887		3889		3891		3893		3895		3896		3897		3900		
3900		3905		3906		3906		3906		3907		3909		3910		3911		3912		
3912		3915		3918		3919		3922		3923		3923		3924		3926		3927		
3929		3931		3931		3934		3937		3938		3938		3940		3942		3944		
3946		3946		3946		3946		3947		3948		3948		3949		3950		3958		
3958		3959		3959		3962		3964		3964		3965		3967		3967		3969		
3969		3970		3971		3971		3972		3972		3972		3972		3973		3973		
3973		3974		3978		3980		3980		3981		3981		3983		3983		3985		
3985		3987		3987		3989		3990		3991		3991		3991		3991		3992		
3993		3993		3994		3994		3996		3996		3996		3998		3999		4000		
4006		4008		4008		4009		4009		4011		4013		4015		4019		4020		
4021		4022		4024		4025		4026		4027		4027		4027		4029		4030		
4032		4032		4033		4034		4037		4039		4042		4043		4045		4046		
4046		4046		4047		4047		4049		4050		4053		4054		4054		4055		
4056		4056		4058		4059		4059		4062		4064		4066		4066		4067		
4067		4072		4072		4073		4073		4076		4076		4077		4077		4077		
4077		4080		4081		4083		4083		4085		4086		4087		4087		4088		
4088		4089		4090		4090		4092		4094		4096		4096		4096		4097		
4097		4098		4099		4099		4101		4101		4102		4105		4105		4108		
4109		4109		4109		4110		4112		4113		4114		4114		4114		4115		
4116		4119		4119		4120		4122		4124		4124		4124		4125		4125		
4127		4127		4129		4130		4130		4130		4131		4132		4132		4134		
4136		4139		4139		4139		4141		4143		4146		4147		4151		4152		
4153		4155		4156		4157		4159		4159		4160		4163		4163		4167		
4168		4169		4169		4170		4170		4173		4174		4175		4175		4177		
4178		4178		4178		4180		4182		4182		4182		4184		4185		4186		
4187		4187		4188		4190		4192		4192		4192		4192		4193		4198		
4198		4198		4199		4201		4201		4201		4205		4205		4208		4210		
4210		4214		4214		4214		4216		4216		4217		4217		4217		4219		
4220		4222		4223		4223		4223		4224		4224		4226		4228		4232		
4233		4234		4234		4236		4236		4238		4238		4239		4239		4241		
4242		4244		4246		4246		4246		4247		4247		4247		4250		4251		
4252		4254		4254		4255		4255		4256		4260		4260		4262		4262		
4263		4264		4264		4267		4268		4269		4270		4271		4273		4275		
4275		4276		4277		4278		4281		4282		4283		4284		4287		4287		
4289		4293		4294		4294		4297		4297		4297		4298		4300		4300		
4301		4302		4302		4303		4304		4306		4308		4310		4311		4312		
4312		4312		4314		4315		4316		4316		4316		4316		4317		4319		
4319		4320		4322		4323		4327		4327		4327		4328		4329		4330		
4332		4333		4335		4336		4336		4338		4338		4338		4339		4339		
4339		4340		4341		4341		4342		4345		4347		4348		4348		4352		
4354		4355		4355		4357		4359		4360		4361		4363		4366		4366		
4368		4369		4369		4371		4373		4374		4374		4375		4376		4378		
4379		4381		4383		4384		4385		4389		4389		4393		4393		4396		
4396		4396		4397		4397		4398		4399		4400		4402		4403		4403		
4406		4406		4407		4407		4409		4410		4412		4413		4414		4415		
4415		4415		4415		4415		4416		4418		4418		4418		4418		4419		
4419		4420		4421		4423		4423		4424		4425		4429		4429		4430		
4430		4431		4433		4437		4439		4441		4442		4443		4444		4445		
4445		4446		4446		4448		4448		4449		4450		4450		4451		4452		
4453		4453		4455		4455		4457		4458		4458		4460		4460		4461		
4462		4462		4463		4465		4466		4467		4469		4469		4471		4472		
4473		4473		4474		4474		4475		4477		4478		4478		4479		4480		
4481		4481		4481		4483		4484		4485		4489		4489		4489		4489		
4490		4490		4490		4491		4492		4493		4495		4495		4496		4498		
4499		4502		4506		4508		4508		4508		4509		4510		4511		4511		
4513		4515		4515		4515		4515		4517		4517		4518		4519		4519		
4521		4522		4522		4522		4522		4522		4523		4523		4524		4527		
4529		4530		4531		4533		4534		4535		4536		4536		4537		4538		
4539		4539		4539		4541		4542		4544		4547		4547		4547		4549		
4551		4552		4554		4556		4558		4559		4559		4560		4561		4562		
4562		4563		4563		4566		4566		4567		4568		4569		4569		4570		
4571		4572		4573		4573		4574		4577		4577		4578		4578		4578		
4580		4581		4583		4583		4586		4586		4587		4587		4588		4588		
4588		4589		4589		4590		4591		4594		4594		4594		4595		4597		
4597		4599		4599		4603		4608		4609		4610		4610		4611		4614		
4614		4615		4617		4617		4618		4618		4620		4620		4623		4625		
4625		4626		4626		4626		4627		4628		4633		4633		4635		4637		
4638		4638		4638		4639		4640		4642		4643		4643		4644		4644		
4645		4646		4647		4648		4649		4651		4651		4653		4655		4659		
4660		4660		4660		4661		4663		4664		4664		4666		4666		4667		
4669		4669		4671		4671		4675		4678		4680		4691		4691		4696		
4696		4699		4702		4702		4702		4704		4704		4704		4706		4707		
4708		4710		4711		4711		4711		4711		4712		4713		4713		4713		
4714		4714		4715		4717		4717		4718		4721		4722		4724		4725		
4726		4726		4727		4728		4730		4731		4732		4733		4734		4734		
4735		4736		4736		4738		4741		4741		4741		4741		4742		4743		
4744		4745		4746		4747		4750		4750		4753		4753		4753		4754		
4755		4756		4756		4757		4758		4759		4760		4762		4763		4764		
4766		4767		4767		4769		4770		4773		4773		4776		4777		4777		
4778		4782		4782		4783		4784		4786		4789		4789		4790		4793		
4794		4795		4796		4797		4801		4804		4804		4804		4808		4809		
4809		4811		4812		4812		4813		4814		4815		4815		4817		4818		
4820		4820		4822		4823		4826		4828		4829		4829		4829		4829		
4831		4832		4832		4832		4833		4834		4835		4836		4837		4837		
4838		4838		4838		4842		4843		4845		4845		4845		4847		4852		
4853		4853		4853		4854		4854		4855		4855		4856		4856		4857		
4858		4860		4861		4861		4867		4868		4868		4868		4871		4872		
4872		4874		4874		4875		4875		4875		4875		4876		4876		4879		
4879		4879		4879		4879		4881		4882		4884		4885		4886		4886		
4887		4889		4890		4893		4893		4894		4895		4895		4898		4898		
4899		4899		4900		4906		4906		4907		4907		4910		4912		4913		
4916		4916		4919		4920		4921		4921		4922		4924		4925		4925		
4926		4926		4927		4929		4931		4932		4932		4933		4934		4938		
4939		4940		4940		4940		4941		4942		4943		4944		4946		4947		
4947		4948		4948		4948		4949		4949		4950		4951		4951		4952		
4957		4959		4959		4960		4961		4961		4961		4961		4964		4965		
4965		4965		4967		4967		4970		4971		4972		4974		4974		4975		
4976		4978		4978		4980		4981		4983		4984		4985		4985		4985		
4985		4987		4987		4989		4989		4989		4991		4991		4994		4994		
4995		4995		4997		4997		4998		4998		5000		5001		5003		5003		
5003		5004		5004		5004		5005		5006		5007		5007		5008		5008		
5008		5009		5011		5012		5013		5017		5018		5018		5018		5019		
5019		5020		5020		5022		5022		5023		5024		5028		5028		5028		
5032		5032		5033		5036		5036		5038		5039		5040		5040		5041		
5041		5043		5044		5045		5046		5046		5049		5049		5049		5049		
5051		5052		5052		5052		5052		5054		5058		5058		5058		5059		
5061		5062		5062		5062		5062		5062		5063		5064		5064		5065		
5066		5066		5067		5068		5069		5071		5071		5072		5078		5081		
5082		5082		5082		5082		5083		5083		5084		5091		5092		5093		
5093		5093		5095		5098		5098		5099		5100		5101		5101		5103		
5103		5103		5103		5108		5108		5110		5113		5113		5114		5116		
5117		5117		5118		5118		5122		5122		5126		5126		5127		5127		
5127		5132		5132		5136		5137		5138		5138		5138		5140		5141		
5142		5144		5144		5146		5148		5151		5151		5151		5152		5152		
5152		5153		5153		5153		5156		5160		5161		5161		5162		5162		
5164		5164		5164		5167		5168		5168		5169		5170		5171		5175		
5177		5177		5178		5180		5181		5181		5182		5182		5185		5185		
5186		5187		5188		5188		5191		5191		5191		5192		5193		5194		
5195		5196		5197		5199		5201		5202		5202		5202		5205		5206		
5211		5212		5215		5215		5216		5218		5219		5219		5221		5221		
5224		5225		5226		5226		5226		5227		5227		5228		5228		5228		
5229		5229		5229		5229		5230		5231		5233		5236		5238		5239		
5239		5239		5240		5240		5241		5242		5243		5244		5244		5245		
5246		5249		5251		5254		5255		5256		5256		5257		5257		5258		
5261		5261		5262		5264		5265		5266		5267		5268		5269		5271		
5272		5274		5279		5279		5280		5281		5281		5286		5287		5289		
5291		5291		5291		5291		5293		5294		5294		5296		5296		5296		
5297		5297		5297		5299		5299		5301		5301		5301		5302		5303		
5304		5304		5305		5306		5307		5308		5310		5310		5311		5311		
5312		5312		5312		5312		5314		5314		5315		5315		5316		5316		
5318		5318		5319		5322		5323		5323		5325		5325		5325		5326		
5327		5327		5327		5328		5330		5331		5333		5335		5335		5337		
5337		5339		5339		5340		5342		5344		5346		5346		5347		5348		
5349		5350		5351		5351		5351		5352		5352		5354		5354		5356		
5357		5357		5358		5358		5358		5359		5360		5363		5364		5365		
5366		5367		5367		5370		5371		5372		5372		5373		5375		5375		
5376		5377		5377		5378		5378		5379		5381		5381		5381		5384		
5385		5385		5385		5387		5387		5388		5388		5389		5392		5395		
5397		5397		5400		5403		5403		5408		5408		5408		5410		5412		
5413		5415		5417		5417		5417		5419		5420		5421		5422		5423		
5426		5426		5426		5430		5431		5435		5435		5437		5440		5440		
5442		5443		5446		5446		5447		5447		5448		5448		5448		5449		
5450		5451		5451		5452		5453		5454		5456		5456		5457		5458		
5458		5459		5460		5460		5462		5463		5464		5466		5467		5468		
5469		5470		5471		5471		5472		5473		5473		5475		5476		5476		
5477		5478		5481		5482		5483		5483		5485		5486		5491		5492		
5492		5493		5494		5494		5495		5497		5499		5499		5500		5500		
5502		5505		5505		5508		5508		5509		5511		5512		5518		5518		
5518		5518		5519		5519		5520		5523		5525		5528		5528		5529		
5529		5531		5532		5534		5534		5535		5536		5536		5536		5537		
5538		5539		5540		5540		5540		5541		5545		5546		5547		5547		
5548		5550		5552		5553		5554		5555		5555		5555		5556		5556		
5556		5558		5558		5559		5560		5560		5560		5560		5562		5563		
5567		5569		5570		5571		5571		5576		5577		5577		5577		5577		
5578		5583		5584		5587		5588		5588		5589		5590		5591		5592		
5593		5593		5593		5593		5595		5595		5596		5597		5598		5600		
5601		5601		5602		5604		5605		5607		5607		5607		5608		5611		
5611		5611		5612		5612		5613		5614		5615		5616		5617		5617		
5618		5618		5622		5622		5623		5623		5628		5630		5631		5632		
5633		5633		5635		5635		5636		5638		5640		5640		5640		5643		
5644		5645		5647		5647		5649		5649		5649		5649		5655		5656		
5657		5658		5658		5658		5658		5662		5666		5669		5670		5671		
5672		5673		5673		5673		5674		5675		5675		5676		5676		5676		
5678		5678		5680		5680		5681		5681		5683		5684		5686		5686		
5688		5689		5691		5692		5694		5694		5694		5699		5702		5702		
5702		5705		5706		5707		5708		5709		5709		5710		5712		5712		
5717		5718		5720		5721		5721		5721		5722		5723		5723		5724		
5726		5728		5730		5730		5732		5734		5734		5735		5735		5736		
5737		5737		5737		5739		5740		5740		5741		5744		5744		5746		
5747		5747		5748		5750		5750		5752		5753		5753		5755		5755		
5759		5759		5761		5761		5763		5764		5764		5765		5767		5771		
5775		5776		5777		5778		5781		5781		5782		5785		5785		5785		
5786		5786		5786		5786		5786		5786		5787		5789		5789		5790		
5790		5792		5794		5794		5794		5797		5798		5799		5800		5800		
5800		5801		5802		5804		5806		5806		5808		5810		5810		5812		
5812		5813		5813		5814		5815		5816		5817		5817		5821		5823		
5826		5826		5827		5827		5828		5828		5828		5829		5830		5830		
5831		5831		5832		5834		5834		5834		5835		5837		5837		5838		
5838		5838		5838		5841		5841		5841		5841		5842		5844		5847		
5847		5848		5849		5850		5851		5853		5853		5853		5855		5855		
5855		5856		5857		5857		5860		5861		5862		5862		5862		5862		
5864		5866		5867		5868		5869		5872		5873		5874		5874		5874		
5876		5878		5878		5879		5881		5882		5886		5888		5889		5891		
5891		5894		5894		5896		5897		5897		5897		5900		5900		5901		
5905		5908		5908		5908		5909		5910		5912		5914		5916		5916		
5916		5917		5918		5919		5921		5922		5923		5924		5925		5926		
5926		5929		5932		5934		5936		5936		5936		5938		5938		5939		
5939		5940		5940		5941		5941		5943		5943		5944		5945		5946		
5946		5948		5948		5948		5950		5951		5953		5953		5954		5954		
5955		5956		5958		5960		5960		5961		5964		5965		5967		5972		
5972		5973		5973		5974		5975		5975		5977		5977		5978		5979		
5983		5984		5984		5987		5989		5990		5990		5991		5991		5993		
5993		5994		5994		5995		5995		5996		5997		5998		6000		6001		
6001		6001		6003		6004		6006		6007		6007		6010		6012		6012		
6012		6013		6014		6015		6015		6015		6016		6017		6018		6018		
6019		6019		6019		6019		6021		6021		6023		6024		6025		6025		
6028		6029		6029		6031		6031		6031		6031		6033		6033		6033		
6035		6036		6037		6037		6037		6039		6039		6040		6042		6043		
6047		6048		6048		6048		6048		6050		6051		6052		6052		6052		
6057		6057		6060		6061		6061		6064		6065		6067		6068		6069		
6071		6073		6073		6073		6074		6074		6074		6075		6075		6075		
6075		6075		6077		6078		6078		6078		6079		6083		6083		6084		
6085		6086		6087		6089		6090		6091		6092		6092		6092		6093		
6094		6096		6099		6101		6101		6101		6102		6102		6103		6103		
6104		6105		6107		6107		6108		6109		6109		6110		6110		6110		
6112		6112		6113		6113		6114		6114		6116		6116		6118		6119		
6121		6122		6123		6124		6124		6125		6125		6125		6127		6127		
6127		6131		6132		6137		6138		6143		6145		6146		6147		6148		
6150		6150		6151		6151		6153		6153		6153		6153		6154		6155		
6156		6156		6156		6156		6157		6157		6159		6160		6162		6166		
6169		6170		6171		6173		6173		6175		6175		6175		6176		6177		
6180		6183		6186		6186		6187		6187		6188		6193		6194		6195		
6196		6197		6198		6199		6202		6206		6208		6208		6208		6209		
6211		6214		6214		6215		6215		6217		6221		6222		6222		6225		
6225		6226		6228		6229		6230		6233		6237		6238		6239		6241		
6243		6244		6244		6244		6245		6248		6248		6250		6251		6252		
6253		6255		6255		6257		6257		6258		6259		6260		6261		6261		
6262		6262		6262		6263		6264		6265		6266		6267		6268		6268		
6271		6274		6277		6279		6279		6282		6283		6283		6283		6285		
6285		6286		6286		6287		6290		6291		6291		6293		6293		6293		
6294		6294		6298		6298		6299		6300		6302		6302		6302		6303		
6306		6306		6308		6309		6310		6312		6313		6315		6317		6317		
6318		6319		6319		6321		6321		6321		6323		6324		6324		6324		
6325		6326		6332		6333		6333		6333		6334		6335		6337		6340		
6341		6341		6344		6344		6346		6347		6350		6350		6350		6354		
6355		6356		6356		6359		6359		6360		6361		6362		6363		6365		
6367		6367		6367		6369		6369		6369		6370		6371		6372		6373		
6373		6374		6375		6377		6378		6382		6384		6385		6385		6386		
6386		6389		6392		6393		6395		6395		6397		6397		6397		6398		
6398		6401		6402		6405		6407		6408		6409		6410		6410		6411		
6413		6413		6414		6416		6416		6418		6419		6420		6421		6422		
6423		6423		6424		6425		6426		6428		6428		6429		6429		6429		
6430		6430		6430		6431		6433		6434		6435		6436		6436		6440		
6441		6441		6441		6443		6443		6444		6446		6447		6447		6448		
6448		6449		6450		6451		6451		6452		6454		6454		6455		6455		
6455		6456		6456		6457		6457		6458		6459		6459		6460		6460		
6461		6462		6464		6464		6465		6466		6467		6470		6472		6472		
6472		6473		6476		6479		6480		6481		6483		6484		6484		6486		
6487		6488		6490		6491		6491		6492		6492		6493		6493		6493		
6494		6495		6495		6496		6497		6498		6499		6500		6501		6502		
6504		6505		6506		6507		6507		6507		6508		6509		6510		6510		
6510		6510		6510		6512		6519		6519		6520		6522		6523		6525		
6526		6527		6531		6531		6532		6533		6533		6533		6535		6535		
6537		6537		6541		6541		6542		6544		6545		6545		6547		6547		
6551		6556		6558		6561		6562		6563		6564		6565		6565		6571		
6571		6572		6575		6576		6578		6578		6580		6580		6581		6581		
6583		6583		6584		6586		6586		6587		6588		6589		6590		6592		
6593		6593		6594		6594		6595		6596		6597		6598		6598		6599		
6600		6601		6601		6602		6606		6606		6609		6609		6610		6611		
6613		6616		6617		6621		6623		6623		6624		6626		6626		6626		
6627		6627		6629		6630		6630		6631		6632		6635		6636		6636		
6637		6638		6640		6642		6645		6646		6646		6648		6648		6648		
6648		6648		6649		6651		6652		6652		6653		6655		6655		6656		
6657		6660		6660		6662		6663		6666		6671		6672		6674		6674		
6676		6677		6677		6677		6680		6682		6683		6683		6683		6685		
6686		6689		6689		6691		6691		6692		6693		6695		6696		6698		
6698		6699		6700		6701		6702		6703		6703		6706		6707		6707		
6708		6708		6708		6709		6709		6710		6712		6713		6714		6715		
6719		6720		6721		6722		6723		6724		6725		6725		6725		6727		
6727		6728		6730		6731		6731		6731		6732		6733		6734		6736		
6737		6737		6738		6739		6739		6740		6742		6746		6747		6747		
6748		6748		6749		6749		6749		6750		6752		6753		6754		6754		
6755		6758		6759		6763		6765		6768		6771		6771		6772		6773		
6773		6778		6779		6781		6782		6783		6783		6784		6785		6785		
6785		6786		6787		6787		6787		6790		6790		6790		6790		6793		
6793		6794		6795		6796		6796		6796		6797		6797		6799		6799		
6800		6802		6802		6805		6805		6805		6806		6807		6807		6809		
6809		6810		6810		6813		6813		6813		6815		6816		6816		6817		
6817		6817		6818		6818		6819		6821		6822		6822		6824		6825		
6827		6828		6828		6828		6829		6830		6832		6833		6836		6838		
6842		6842		6843		6845		6849		6851		6853		6853		6854		6859		
6860		6861		6862		6864		6865		6868		6869		6869		6871		6872		
6873		6873		6874		6876		6877		6878		6880		6882		6882		6882		
6882		6883		6885		6886		6888		6889		6889		6889		6891		6892		
6892		6894		6894		6896		6897		6897		6898		6898		6899		6903		
6903		6904		6906		6907		6909		6910		6912		6916		6916		6916		
6917		6918		6920		6920		6921		6921		6922		6923		6923		6925		
6927		6927		6929		6930		6931		6931		6932		6935		6936		6936		
6937		6939		6941		6941		6942		6942		6942		6942		6943		6944		
6945		6947		6947		6947		6947		6948		6948		6949		6949		6951		
6952		6952		6953		6954		6954		6955		6958		6959		6959		6961		
6962		6963		6964		6965		6965		6966		6966		6967		6967		6968		
6970		6970		6970		6971		6972		6975		6975		6977		6978		6980		
6981		6982		6983		6983		6984		6984		6988		6989		6990		6994		
6994		6995		6997		6997		7000		7000		7000		7000		7001		7002		
7005		7006		7008		7009		7010		7011		7012		7012		7014		7014		
7014		7016		7017		7017		7018		7019		7020		7020		7021		7021		
7026		7027		7027		7027		7028		7030		7031		7033		7033		7035		
7035		7035		7035		7035		7036		7038		7039		7040		7041		7042		
7046		7047		7048		7048		7049		7052		7053		7054		7055		7059		
7059		7060		7060		7063		7064		7067		7068		7069		7070		7070		
7073		7073		7074		7076		7076		7076		7077		7080		7081		7081		
7084		7085		7086		7087		7090		7091		7091		7096		7097		7097		
7098		7099		7099		7102		7103		7105		7105		7106		7107		7109		
7109		7110		7111		7111		7112		7115		7115		7116		7117		7119		
7120		7122		7123		7124		7126		7126		7127		7130		7130		7131		
7132		7133		7134		7134		7135		7136		7136		7137		7138		7140		
7142		7142		7142		7143		7144		7147		7147		7148		7150		7151		
7151		7152		7153		7155		7156		7156		7158		7159		7160		7160		
7160		7160		7161		7161		7163		7164		7164		7164		7167		7167		
7170		7171		7171		7172		7172		7174		7176		7177		7177		7178		
7180		7181		7181		7182		7186		7191		7192		7193		7194		7195		
7195		7198		7198		7199		7199		7201		7202		7202		7202		7203		
7204		7204		7205		7206		7207		7208		7208		7210		7216		7218		
7218		7219		7223		7226		7226		7227		7229		7229		7230		7230		
7231		7233		7233		7233		7235		7236		7236		7237		7238		7238		
7239		7239		7241		7241		7242		7244		7245		7246		7246		7248		
7248		7249		7249		7249		7249		7250		7251		7251		7251		7251		
7252		7253		7254		7257		7258		7260		7265		7265		7267		7270		
7271		7272		7273		7273		7274		7275		7275		7279		7279		7280		
7280		7280		7282		7283		7283		7284		7284		7285		7286		7286		
7287		7288		7288		7288		7293		7294		7294		7295		7296		7297		
7297		7300		7301		7302		7302		7302		7304		7306		7310		7310		
7312		7314		7314		7315		7316		7316		7317		7317		7320		7322		
7324		7325		7325		7326		7328		7330		7330		7331		7331		7333		
7334		7334		7334		7335		7335		7335		7338		7338		7339		7339		
7341		7342		7342		7342		7343		7343		7345		7345		7345		7347		
7348		7348		7349		7349		7349		7350		7351		7351		7351		7352		
7353		7353		7355		7357		7358		7359		7360		7360		7360		7361		
7363		7365		7366		7367		7369		7369		7369		7370		7370		7371		
7373		7373		7377		7377		7378		7378		7382		7382		7382		7382		
7382		7386		7389		7390		7390		7391		7394		7396		7397		7400		
7401		7402		7404		7406		7408		7409		7410		7411		7412		7415		
7416		7416		7418		7419		7419		7420		7421		7426		7426		7427		
7427		7428		7428		7429		7429		7429		7429		7430		7430		7432		
7432		7435		7436		7437		7438		7439		7442		7442		7444		7444		
7444		7444		7445		7447		7447		7448		7449		7449		7450		7450		
7452		7452		7452		7453		7455		7456		7456		7456		7456		7457		
7458		7460		7462		7464		7465		7468		7472		7473		7473		7473		
7473		7474		7475		7475		7476		7479		7484		7484		7485		7485		
7488		7488		7488		7489		7489		7491		7491		7492		7493		7497		
7501		7501		7501		7503		7505		7505		7505		7505		7506		7506		
7506		7508		7508		7510		7511		7512		7512		7513		7514		7514		
7515		7519		7522		7524		7524		7525		7525		7526		7526		7529		
7529		7530		7531		7532		7532		7539		7539		7540		7540		7541		
7542		7542		7543		7543		7545		7546		7546		7547		7547		7549		
7551		7552		7552		7554		7554		7555		7557		7560		7562		7562		
7562		7563		7563		7563		7566		7566		7566		7567		7568		7568		
7569		7570		7573		7573		7576		7579		7582		7584		7584		7584		
7585		7585		7586		7587		7588		7591		7591		7592		7593		7593		
7593		7593		7594		7594		7596		7598		7599		7600		7601		7601		
7601		7603		7608		7609		7609		7610		7610		7614		7614		7615		
7615		7617		7618		7620		7621		7622		7623		7623		7624		7624		
7625		7625		7625		7626		7628		7628		7630		7634		7637		7639		
7639		7639		7639		7643		7646		7646		7648		7648		7648		7649		
7649		7650		7650		7651		7651		7653		7653		7653		7654		7654		
7655		7656		7657		7657		7657		7659		7660		7662		7663		7663		
7665		7666		7668		7669		7669		7672		7672		7673		7673		7675		
7677		7677		7680		7681		7681		7681		7682		7682		7683		7685		
7686		7690		7691		7691		7692		7693		7693		7695		7696		7696		
7696		7704		7704		7706		7706		7708		7708		7708		7708		7708		
7708		7709		7710		7710		7710		7710		7711		7711		7711		7713		
7715		7715		7718		7718		7719		7719		7720		7723		7723		7729		
7734		7736		7737		7737		7737		7740		7741		7742		7743		7743		
7744		7749		7749		7750		7751		7751		7757		7757		7759		7760		
7762		7762		7762		7763		7763		7763		7764		7764		7765		7765		
7766		7766		7766		7766		7767		7767		7768		7768		7768		7769		
7769		7770		7771		7771		7773		7773		7774		7775		7776		7778		
7779		7781		7781		7783		7784		7784		7785		7785		7786		7788		
7788		7788		7789		7789		7790		7792		7793		7794		7794		7795		
7795		7797		7798		7799		7801		7802		7802		7803		7804		7804		
7807		7808		7810		7812		7812		7816		7819		7819		7820		7821		
7821		7823		7824		7825		7825		7826		7827		7829		7830		7831		
7832		7833		7835		7835		7837		7839		7839		7841		7842		7842		
7845		7845		7849		7849		7850		7853		7854		7854		7854		7855		
7856		7856		7857		7858		7861		7862		7863		7864		7865		7867		
7867		7868		7868		7869		7871		7872		7873		7873		7873		7874		
7875		7876		7876		7877		7877		7879		7880		7883		7883		7884		
7886		7887		7888		7889		7894		7894		7896		7897		7898		7900		
7901		7905		7905		7905		7905		7906		7906		7906		7906		7909		
7910		7912		7912		7912		7912		7913		7913		7913		7915		7915		
7921		7922		7922		7922		7922		7923		7923		7924		7929		7932		
7933		7933		7936		7936		7937		7938		7938		7940		7940		7944		
7944		7945		7947		7949		7952		7952		7955		7957		7963		7964		
7967		7969		7969		7971		7972		7975		7975		7976		7977		7981		
7983		7983		7985		7987		7987		7990		7992		7993		7996		7997		
7997		7997		7998		7999		8000		8001		8003		8004		8004		8005		
8006		8007		8008		8013		8013		8014		8015		8016		8017		8017		
8020		8022		8023		8025		8026		8028		8028		8029		8030		8030		
8032		8033		8035		8038		8039		8041		8042		8045		8047		8048		
8049		8052		8054		8055		8055		8056		8056		8056		8058		8059		
8059		8062		8066		8066		8068		8068		8068		8069		8073		8074		
8074		8075		8077		8077		8077		8077		8079		8080		8081		8083		
8084		8084		8086		8086		8090		8090		8092		8093		8100		8102		
8103		8103		8103		8107		8108		8108		8109		8109		8110		8111		
8113		8115		8115		8115		8117		8117		8120		8120		8122		8123		
8123		8125		8125		8127		8127		8127		8131		8132		8133		8133		
8134		8134		8138		8138		8138		8138		8141		8141		8141		8141		
8142		8142		8143		8144		8146		8148		8150		8151		8151		8151		
8151		8152		8153		8154		8155		8157		8159		8159		8161		8161		
8162		8163		8164		8164		8166		8166		8167		8170		8172		8174		
8176		8179		8180		8180		8180		8182		8184		8184		8185		8187		
8187		8192		8193		8193		8196		8197		8199		8201		8201		8202		
8203		8203		8203		8206		8206		8206		8207		8208		8210		8211		
8213		8214		8214		8216		8218		8219		8220		8221		8222		8224		
8225		8225		8227		8227		8227		8229		8229		8231		8233		8235		
8235		8236		8242		8244		8244		8244		8245		8246		8246		8246		
8247		8249		8249		8250		8251		8251		8251		8252		8254		8256		
8258		8259		8259		8259		8260		8261		8262		8262		8263		8263		
8272		8273		8274		8275		8275		8276		8278		8279		8280		8282		
8282		8283		8284		8285		8286		8286		8286		8287		8287		8287		
8288		8289		8289		8291		8292		8292		8293		8295		8296		8297		
8297		8298		8298		8300		8302		8302		8305		8305		8305		8306		
8306		8306		8306		8307		8307		8308		8310		8310		8312		8312		
8313		8315		8316		8316		8316		8317		8317		8318		8319		8320		
8322		8323		8323		8323		8323		8324		8326		8329		8329		8330		
8331		8334		8335		8335		8336		8337		8338		8338		8340		8341		
8342		8342		8344		8346		8347		8347		8348		8349		8351		8351		
8352		8353		8354		8355		8356		8356		8357		8357		8361		8363		
8363		8368		8371		8373		8375		8378		8378		8383		8383		8384		
8386		8386		8387		8388		8389		8389		8389		8391		8393		8394		
8395		8396		8396		8399		8401		8401		8402		8403		8406		8406		
8407		8407		8409		8409		8409		8411		8411		8412		8412		8413		
8413		8414		8416		8418		8419		8422		8425		8425		8425		8426		
8427		8427		8428		8429		8431		8431		8432		8433		8433		8434		
8435		8437		8441		8441		8441		8444		8445		8446		8447		8448		
8448		8449		8450		8450		8450		8453		8455		8457		8457		8458		
8461		8463		8464		8465		8465		8466		8467		8467		8468		8468		
8470		8470		8471		8472		8472		8474		8479		8480		8481		8481		
8482		8482		8482		8483		8483		8488		8489		8490		8490		8494		
8499		8502		8503		8503		8504		8504		8506		8507		8514		8514		
8515		8520		8524		8525		8525		8526		8527		8527		8527		8529		
8529		8530		8531		8533		8535		8537		8537		8539		8540		8540		
8541		8541		8542		8543		8543		8543		8544		8544		8544		8545		
8545		8545		8546		8547		8548		8548		8551		8554		8554		8561		
8562		8562		8564		8565		8565		8567		8568		8569		8570		8571		
8572		8575		8575		8576		8577		8578		8578		8580		8580		8581		
8582		8582		8583		8583		8587		8587		8587		8588		8589		8589		
8589		8592		8594		8594		8596		8601		8601		8603		8604		8604		
8605		8606		8607		8608		8609		8613		8614		8614		8615		8615		
8616		8616		8617		8617		8618		8621		8623		8624		8624		8624		
8625		8625		8626		8627		8628		8629		8629		8632		8634		8635		
8636		8636		8636		8636		8637		8638		8638		8641		8642		8642		
8647		8647		8647		8648		8649		8650		8651		8652		8652		8655		
8655		8656		8657		8657		8657		8657		8658		8659		8660		8661		
8662		8664		8664		8666		8668		8671		8674		8674		8674		8674		
8676		8677		8678		8678		8680		8682		8683		8685		8687		8688		
8688		8689		8690		8691		8695		8696		8696		8696		8697		8699		
8702		8703		8703		8703		8705		8706		8706		8707		8707		8708		
8708		8709		8712		8712		8714		8714		8715		8716		8717		8718		
8718		8718		8719		8719		8719		8721		8721		8722		8724		8726		
8726		8728		8728		8729		8732		8735		8738		8739		8742		8745		
8745		8746		8746		8746		8747		8747		8748		8749		8750		8751		
8751		8751		8752		8752		8754		8755		8756		8757		8757		8758		
8760		8760		8761		8765		8766		8767		8768		8768		8769		8771		
8771		8774		8777		8779		8780		8783		8783		8783		8784		8784		
8785		8788		8790		8792		8793		8796		8799		8800		8801		8802		
8802		8804		8804		8805		8805		8805		8809		8810		8810		8812		
8818		8819		8822		8823		8823		8825		8825		8826		8826		8827		
8832		8836		8836		8836		8836		8840		8844		8846		8846		8848		
8850		8852		8852		8852		8853		8853		8855		8856		8856		8857		
8858		8858		8861		8866		8866		8867		8867		8867		8868		8868		
8868		8869		8869		8869		8871		8872		8873		8876		8878		8879		
8880		8880		8881		8881		8882		8882		8883		8884		8884		8885		
8885		8886		8886		8887		8888		8888		8891		8892		8895		8895		
8898		8899		8900		8902		8904		8905		8906		8908		8908		8909		
8909		8909		8909		8913		8917		8918		8919		8919		8920		8922		
8925		8926		8926		8926		8927		8928		8929		8931		8931		8932		
8932		8932		8933		8934		8935		8935		8935		8938		8939		8942		
8942		8943		8946		8946		8949		8950		8951		8951		8952		8953		
8956		8957		8957		8957		8958		8958		8959		8959		8960		8961		
8961		8962		8962		8963		8964		8967		8967		8968		8968		8968		
8971		8972		8972		8973		8974		8975		8978		8978		8979		8980		
8980		8981		8984		8985		8986		8987		8988		8989		8990		8991		
8992		8993		8993		8997		9001		9001		9004		9005		9005		9007		
9010		9015		9015		9016		9018		9020		9021		9023		9023		9025		
9029		9031		9033		9034		9034		9035		9038		9038		9039		9039		
9040		9040		9043		9044		9044		9047		9049		9049		9049		9050		
9052		9053		9054		9055		9056		9056		9058		9058		9060		9061		
9063		9064		9065		9065		9065		9067		9067		9069		9069		9071		
9072		9073		9075		9075		9075		9077		9078		9078		9079		9080		
9082		9083		9084		9084		9085		9086		9086		9087		9088		9088		
9090		9092		9092		9093		9094		9094		9097		9099		9100		9101		
9101		9103		9106		9108		9108		9109		9109		9110		9111		9115		
9116		9116		9117		9119		9120		9121		9122		9122		9125		9126		
9126		9130		9132		9132		9132		9133		9134		9134		9137		9141		
9141		9141		9142		9142		9143		9145		9147		9147		9149		9151		
9152		9153		9154		9154		9154		9154		9156		9156		9156		9157		
9158		9158		9159		9159		9159		9160		9161		9161		9164		9164		
9165		9168		9168		9171		9174		9174		9175		9179		9181		9185		
9186		9187		9190		9191		9192		9192		9192		9193		9193		9193		
9194		9196		9196		9197		9198		9199		9200		9200		9200		9206		
9207		9207		9208		9209		9209		9210		9210		9210		9212		9215		
9220		9220		9223		9226		9226		9226		9226		9227		9228		9228		
9230		9232		9233		9234		9234		9237		9237		9239		9239		9239		
9240		9243		9243		9244		9246		9247		9247		9247		9248		9248		
9249		9249		9251		9253		9256		9257		9257		9258		9258		9258		
9259		9259		9259		9263		9263		9264		9264		9265		9265		9266		
9266		9267		9268		9270		9270		9270		9271		9272		9272		9274		
9274		9274		9276		9277		9277		9280		9280		9280		9281		9281		
9283		9285		9287		9288		9290		9290		9291		9292		9294		9295		
9295		9295		9295		9295		9296		9297		9298		9298		9300		9302		
9303		9303		9303		9304		9304		9305		9305		9306		9307		9308		
9311		9311		9311		9313		9313		9315		9316		9317		9318		9319		
9319		9319		9321		9321		9322		9322		9322		9323		9323		9324		
9325		9326		9328		9328		9329		9329		9329		9331		9333		9333		
9334		9334		9335		9336		9336		9336		9338		9339		9339		9343		
9343		9344		9346		9347		9349		9349		9353		9355		9355		9356		
9357		9362		9365		9366		9366		9370		9370		9371		9372		9372		
9374		9374		9375		9377		9378		9380		9390		9391		9391		9391		
9393		9393		9393		9393		9393		9396		9396		9398		9398		9399		
9405		9405		9407		9407		9408		9410		9411		9413		9417		9418		
9419		9419		9420		9420		9420		9421		9423		9424		9427		9428		
9428		9430		9431		9431		9431		9432		9437		9437		9438		9439		
9439		9440		9442		9444		9445		9445		9445		9446		9448		9448		
9448		9448		9448		9451		9451		9454		9455		9456		9456		9456		
9457		9457		9458		9458		9458		9459		9460		9461		9462		9462		
9463		9463		9464		9464		9466		9466		9467		9467		9471		9471		
9474		9475		9477		9478		9479		9479		9479		9481		9481		9481		
9484		9484		9485		9485		9486		9488		9490		9491		9492		9493		
9494		9494		9495		9495		9499		9500		9501		9501		9503		9503		
9504		9504		9505		9506		9509		9510		9511		9511		9512		9513		
9514		9514		9516		9516		9517		9519		9524		9527		9529		9529		
9530		9531		9532		9534		9538		9539		9540		9540		9541		9543		
9544		9544		9545		9548		9548		9549		9549		9549		9550		9550		
9550		9551		9555		9556		9559		9559		9559		9560		9562		9563		
9564		9569		9572		9574		9574		9575		9577		9578		9578		9578		
9579		9580		9583		9584		9585		9585		9589		9590		9593		9596		
9597		9597		9597		9598		9603		9603		9605		9606		9607		9608		
9611		9611		9613		9615		9615		9615		9615		9616		9617		9618		
9619		9621		9621		9622		9622		9623		9623		9626		9628		9629		
9629		9630		9630		9632		9632		9632		9634		9634		9636		9636		
9637		9640		9642		9645		9645		9645		9646		9650		9650		9650		
9651		9651		9652		9654		9655		9655		9655		9659		9659		9659		
9659		9660		9660		9660		9662		9662		9663		9663		9663		9669		
9669		9671		9672		9673		9674		9677		9680		9680		9683		9684		
9685		9686		9686		9687		9687		9689		9689		9692		9693		9693		
9694		9695		9697		9698		9700		9700		9701		9701		9704		9704		
9705		9709		9709		9711		9712		9712		9712		9713		9714		9714		
9714		9715		9715		9715		9718		9718		9719		9720		9723		9723		
9724		9724		9727		9729		9729		9730		9732		9732		9733		9734		
9735		9736		9737		9737		9738		9738		9739		9739		9743		9747		
9748		9754		9754		9754		9755		9756		9757		9758		9759		9759		
9761		9763		9764		9764		9771		9773		9774		9774		9774		9775		
9777		9777		9780		9780		9781		9784		9784		9786		9787		9791		
9791		9792		9793		9795		9795		9796		9796		9797		9797		9800		
9801		9804		9806		9808		9808		9809		9812		9814		9815		9817		
9819		9820		9821		9822		9823		9825		9826		9827		9829		9829		
9831		9832		9832		9832		9833		9834		9835		9835		9836		9840		
9842		9843		9843		9844		9844		9845		9846		9846		9846		9847		
9848		9849		9849		9851		9852		9852		9853		9854		9854		9856		
9856		9857		9858		9858		9858		9859		9859		9860		9860		9860		
9861		9862		9864		9865		9865		9867		9869		9872		9874		9877		
9877		9878		9880		9880		9881		9882		9882		9883		9884		9886		
9888		9892		9892		9892		9893		9894		9894		9895		9899		9900		
9900		9902		9902		9903		9903		9906		9907		9907		9907		9909		
9909		9911		9911		9912		9913		9917		9920		9921		9921		9924		
9926		9927		9928		9930		9930		9931		9932		9934		9934		9936		
9936		9939		9940		9940		9941		9942		9943		9943		9943		9945		
9947		9951		9953		9955		9956		9957		9957		9958		9958		9960		
9961		9961		9963		9963		9964		9964		9964		9965		9965		9966		
9966		9966		9967		9968		9969		9970		9970		9972		9977		9977		
9978		9979		9980		9981		9981		9984		9987		9987		9989		9989		
9989		9993		9994		9995		9996		9997		9997		9998		9999		