1		1		4		4		4		5		5		5		6		6		
6		6		7		7		7		8		9		9		10		10		
10		10		11		12		13		14		15		15		16		17		
18		19		20		20		21		22		23		25		26		26		
27		27		28		29		29		30		31		31		32		32		
33		33		34		35		35		36		37		37		38		39		
40		41		43		43		44		45		45		47		49		50		
50		50		52		52		53		54		54		54		56		56		
57		57		57		59		60		62		62		62		62		63		
63		63		64		65		66		68		70		70		70		72		
73		75		77		79		79		80		80		80		81		82		
82		83		83		83		84		85		89		95		96		97		
99		100		102		102		103		103		103		103		104		105		
107		107		110		111		115		116		117		117		117		118		
119		121		122		123		123		125		126		127		128		128		
128		129		131		131		132		132		133		133		135		136		
136		136		139		139		140		141		141		141		143		143		
144		145		145		147		148		149		150		150		151		151		
152		153		153		154		155		155		156		156		157		157		
158		158		160		162		162		163		165		165		169		170		
172		173		174		176		177		177		179		179		179		180		
180		181		182		183		184		186		187		187		188		188		
190		192		194		195		196		196		196		197		197		198		
199		202		203		203		204		204		205		205		206		208		
209		211		211		213		213		214		214		215		215		215		
216		217		219		219		220		220		221		222		225		226		
226		226		226		226		227		228		228		228		228		229		
229		230		230		231		231		232		233		234		234		235		
235		235		236		237		238		238		238		240		240		241		
242		245		245		246		247		247		248		248		249		250		
251		251		252		252		253		254		256		256		259		259		
259		259		260		261		261		262		263		264		264		264		
265		270		271		272		275		276		277		277		277		277		
278		278		279		279		280		283		283		284		284		285		
285		286		287		288		289		289		290		290		291		292		
292		294		295		295		296		296		296		297		298		299		
299		301		301		301		301		301		302		303		306		312		
312		313		313		313		315		316		318		319		320		320		
321		321		321		321		322		322		325		325		326		329		
329		330		330		331		332		332		332		332		333		333		
333		337		339		340		341		341		341		343		345		346		
346		346		346		346		346		346		349		351		353		354		
355		356		358		358		358		359		359		359		360		360		
360		361		361		361		362		363		365		366		366		366		
366		367		367		368		368		369		370		372		373		373		
374		375		375		378		380		380		381		381		381		383		
386		386		387		389		390		391		391		391		391		393		
393		394		395		395		396		397		398		399		399		400		
401		401		402		403		403		404		404		405		405		406		
407		409		409		411		411		411		412		412		412		413		
413		414		414		414		414		414		414		415		416		417		
417		418		420		422		423		424		424		426		427		429		
429		429		434		434		435		436		436		436		437		437		
437		438		439		439		439		440		440		441		442		442		
444		444		445		445		445		445		447		447		448		450		
451		451		452		452		452		453		454		454		455		456		
457		460		460		460		462		462		463		463		464		466		
467		467		469		472		473		475		477		478		479		480		
480		481		481		481		482		483		484		485		485		485		
487		490		490		491		491		492		493		493		493		493		
493		496		499		499		500		500		503		504		506		507		
507		507		510		510		512		512		513		513		515		517		
517		517		517		517		517		517		518		518		518		519		
519		519		519		520		521		521		523		524		525		525		
525		528		528		530		531		534		534		534		535		536		
536		537		538		538		539		540		540		541		541		541		
542		543		544		544		544		545		545		546		546		548		
548		549		549		549		550		551		551		552		554		554		
555		558		559		559		559		559		560		560		561		561		
562		562		563		563		565		568		569		569		569		570		
571		572		572		573		573		575		575		575		577		581		
584		584		586		588		588		588		588		589		591		591		
591		592		592		595		596		596		598		600		601		601		
603		604		604		605		606		607		607		607		609		612		
612		612		613		614		615		615		616		616		617		618		
618		618		620		620		621		623		624		624		625		625		
629		629		631		631		632		632		633		635		636		636		
637		638		638		638		638		639		639		640		641		642		
643		643		643		644		645		646		647		647		650		650		
651		653		653		654		654		655		655		655		658		658		
659		661		662		663		663		664		665		666		667		668		
670		672		672		672		672		672		674		674		674		675		
675		675		675		676		676		676		677		678		679		680		
681		681		683		683		683		683		684		684		684		684		
685		685		685		687		687		687		688		690		690		690		
690		691		691		692		693		693		693		694		695		697		
698		698		699		699		700		700		701		702		703		705		
705		706		706		707		709		709		709		711		713		714		
714		719		719		719		720		720		720		720		720		722		
722		723		724		724		725		725		728		729		729		732		
732		732		732		733		733		735		735		736		736		737		
738		739		739		740		740		741		743		745		745		746		
746		747		751		752		752		752		754		755		755		757		
757		758		758		758		758		759		761		761		763		764		
764		765		767		767		768		768		770		771		772		772		
774		775		775		776		778		779		779		780		780		782		
782		783		784		787		787		787		788		788		788		789		
790		791		793		794		794		798		799		801		802		803		
803		804		804		804		804		804		805		806		806		807		
807		809		811		812		812		813		813		813		814		815		
815		815		816		816		819		820		821		821		822		823		
826		827		827		827		828		828		829		830		831		832		
833		833		834		835		835		836		836		836		836		838		
839		840		840		841		843		845		845		845		845		846		
846		846		847		848		848		848		848		851		851		851		
852		852		853		853		855		856		857		859		860		861		
864		864		864		866		868		869		870		870		871		872		
873		874		874		875		875		877		877		877		878		878		
879		880		881		881		881		882		883		884		886		887		
887		887		889		890		890		890		893		894		895		895		
895		896		896		897		897		898		899		900		900		902		
906		908		908		908		909		909		909		909		910		911		
911		911		912		913		913		914		914		915		915		917		
917		917		920		920		921		922		924		924		925		927		
928		929		929		929		930		931		931		932		933		934		
935		940		941		941		941		941		941		942		946		946		
946		946		946		946		947		954		955		955		955		956		
957		957		957		958		960		962		962		963		965		966		
967		967		967		969		969		970		970		971		974		975		
976		976		977		978		978		979		980		981		982		982		
984		984		986		988		988		989		990		990		991		991		
991		992		992		993		993		994		995		996		997		997		
999		1000		1000		1001		1002		1002		1003		1004		1004		1004		
1004		1007		1008		1009		1009		1009		1010		1010		1010		1011		
1011		1012		1014		1015		1015		1016		1018		1019		1019		1019		
1020		1020		1021		1021		1022		1023		1025		1025		1027		1027		
1028		1029		1030		1030		1031		1031		1032		1033		1034		1035		
1038		1039		1039		1040		1040		1041		1042		1042		1043		1045		
1045		1047		1047		1050		1051		1051		1052		1052		1053		1053		
1053		1054		1057		1058		1059		1061		1061		1062		1062		1062		
1063		1065		1066		1066		1068		1069		1070		1071		1071		1071		
1072		1072		1073		1073		1074		1074		1074		1074		1075		1075		
1076		1079		1080		1081		1083		1083		1084		1084		1086		1086		
1087		1087		1088		1088		1088		1089		1090		1090		1092		1093		
1094		1094		1095		1097		1097		1099		1101		1102		1102		1102		
1103		1103		1105		1105		1105		1106		1107		1108		1109		1112		
1113		1113		1113		1116		1117		1120		1120		1122		1123		1123		
1123		1124		1130		1130		1130		1130		1135		1135		1136		1137		
1137		1138		1144		1144		1146		1148		1149		1149		1150		1150		
1151		1152		1152		1153		1155		1155		1158		1158		1158		1158		
1159		1160		1160		1160		1160		1161		1161		1162		1162		1163		
1163		1164		1166		1167		1169		1172		1172		1173		1175		1175		
1177		1180		1180		1180		1183		1184		1185		1185		1187		1187		
1188		1188		1188		1188		1188		1189		1190		1192		1192		1193		
1193		1193		1195		1196		1196		1197		1197		1198		1199		1200		
1200		1201		1202		1202		1204		1204		1206		1206		1207		1207		
1207		1209		1209		1210		1212		1213		1213		1214		1214		1218		
1218		1218		1219		1220		1220		1220		1222		1222		1223		1223		
1223		1224		1224		1226		1226		1227		1228		1228		1229		1229		
1230		1233		1233		1236		1236		1236		1237		1238		1238		1239		
1239		1240		1242		1242		1245		1245		1246		1246		1248		1248		
1250		1250		1250		1250		1250		1251		1253		1254		1255		1255		
1255		1259		1259		1261		1261		1263		1263		1264		1264		1264		
1265		1265		1266		1267		1269		1269		1270		1272		1273		1273		
1273		1276		1276		1277		1278		1278		1279		1280		1280		1281		
1284		1285		1285		1286		1286		1286		1287		1288		1288		1289		
1290		1291		1293		1293		1294		1296		1298		1301		1301		1302		
1304		1304		1304		1305		1305		1305		1306		1306		1308		1309		
1309		1309		1310		1310		1310		1310		1311		1311		1311		1312		
1313		1314		1314		1315		1315		1315		1316		1316		1317		1317		
1318		1318		1319		1319		1321		1322		1323		1325		1325		1325		
1326		1329		1329		1331		1332		1332		1332		1332		1333		1334		
1334		1334		1335		1337		1338		1338		1339		1339		1340		1341		
1342		1342		1344		1344		1345		1345		1346		1346		1348		1349		
1349		1350		1351		1351		1352		1354		1357		1359		1359		1360		
1361		1362		1364		1365		1365		1366		1367		1367		1368		1368		
1368		1369		1370		1370		1371		1371		1373		1374		1375		1376		
1376		1377		1377		1379		1379		1380		1382		1383		1383		1384		
1385		1385		1386		1386		1389		1390		1390		1391		1393		1393		
1393		1393		1396		1397		1397		1398		1398		1398		1399		1399		
1400		1401		1401		1402		1402		1403		1404		1406		1408		1408		
1408		1408		1408		1410		1410		1412		1413		1413		1414		1414		
1414		1414		1415		1416		1416		1416		1416		1418		1418		1418		
1418		1419		1423		1424		1425		1426		1427		1427		1427		1428		
1428		1429		1429		1430		1431		1432		1432		1433		1433		1433		
1435		1436		1436		1436		1437		1437		1437		1438		1440		1445		
1446		1446		1446		1448		1449		1450		1451		1452		1454		1456		
1457		1459		1460		1460		1460		1461		1462		1462		1462		1463		
1464		1464		1464		1465		1466		1468		1469		1470		1471		1471		
1472		1473		1473		1474		1475		1478		1478		1478		1479		1479		
1480		1480		1481		1481		1482		1484		1485		1485		1485		1486		
1487		1487		1487		1488		1488		1489		1491		1491		1492		1493		
1494		1495		1496		1497		1498		1498		1498		1499		1500		1501		
1502		1502		1503		1503		1504		1505		1505		1506		1506		1507		
1507		1507		1509		1510		1511		1511		1511		1512		1515		1516		
1516		1516		1516		1516		1517		1520		1520		1521		1522		1522		
1522		1523		1525		1527		1528		1529		1532		1534		1536		1537		
1537		1539		1539		1540		1541		1541		1541		1542		1542		1543		
1544		1546		1547		1547		1548		1549		1550		1552		1552		1553		
1555		1558		1560		1560		1561		1562		1563		1564		1564		1565		
1566		1567		1569		1570		1571		1571		1572		1572		1572		1573		
1574		1575		1576		1576		1576		1577		1577		1577		1578		1578		
1579		1579		1579		1579		1580		1582		1582		1583		1583		1583		
1585		1586		1586		1586		1587		1587		1588		1589		1589		1591		
1591		1593		1593		1594		1596		1598		1598		1599		1599		1601		
1601		1603		1603		1604		1605		1605		1605		1606		1607		1608		
1608		1609		1609		1609		1613		1616		1617		1618		1618		1618		
1618		1619		1619		1620		1621		1621		1621		1622		1622		1622		
1623		1623		1625		1626		1626		1627		1627		1628		1628		1629		
1630		1630		1631		1631		1631		1632		1634		1634		1634		1634		
1635		1635		1636		1636		1638		1639		1640		1640		1640		1641		
1641		1642		1642		1643		1644		1645		1646		1646		1647		1647		
1647		1647		1647		1648		1649		1649		1650		1651		1655		1656		
1656		1657		1657		1659		1659		1660		1661		1662		1662		1663		
1664		1665		1666		1670		1672		1672		1673		1674		1676		1677		
1677		1677		1678		1678		1679		1680		1681		1681		1681		1682		
1683		1683		1683		1686		1686		1687		1688		1693		1694		1695		
1695		1695		1696		1696		1696		1697		1698		1700		1701		1703		
1704		1705		1705		1705		1706		1707		1707		1708		1709		1709		
1710		1711		1712		1712		1712		1715		1715		1716		1717		1718		
1719		1720		1721		1722		1723		1723		1724		1724		1725		1725		
1725		1726		1727		1727		1729		1729		1729		1730		1734		1734		
1735		1735		1736		1736		1736		1737		1737		1739		1740		1741		
1742		1742		1742		1743		1743		1744		1744		1744		1745		1746		
1746		1748		1748		1748		1749		1749		1750		1750		1750		1750		
1751		1754		1755		1755		1757		1757		1758		1759		1762		1763		
1764		1766		1766		1767		1768		1770		1770		1772		1773		1773		
1775		1776		1777		1779		1780		1781		1781		1782		1782		1784		
1786		1787		1788		1788		1788		1790		1790		1792		1792		1793		
1794		1795		1795		1797		1799		1800		1801		1801		1802		1802		
1802		1804		1805		1806		1807		1807		1808		1810		1811		1811		
1812		1814		1814		1815		1820		1820		1821		1823		1824		1824		
1824		1824		1825		1825		1827		1827		1828		1830		1830		1830		
1831		1831		1833		1833		1834		1837		1838		1840		1840		1842		
1842		1842		1843		1843		1843		1843		1844		1844		1845		1847		
1847		1848		1849		1851		1852		1853		1854		1854		1855		1856		
1857		1857		1857		1858		1860		1860		1861		1862		1862		1863		
1866		1866		1866		1867		1867		1867		1869		1869		1871		1871		
1872		1872		1872		1873		1873		1874		1874		1876		1877		1878		
1880		1880		1881		1883		1884		1884		1885		1886		1886		1887		
1888		1889		1890		1890		1891		1894		1894		1894		1895		1896		
1896		1896		1898		1898		1898		1898		1898		1900		1901		1902		
1903		1904		1904		1906		1906		1907		1907		1907		1907		1907		
1907		1907		1908		1910		1911		1911		1911		1912		1912		1913		
1913		1914		1916		1916		1917		1918		1920		1920		1922		1923		
1923		1926		1929		1930		1932		1933		1933		1933		1933		1934		
1934		1935		1938		1939		1939		1940		1942		1942		1943		1945		
1945		1946		1947		1947		1949		1951		1951		1952		1952		1952		
1954		1956		1957		1957		1958		1958		1959		1960		1960		1963		
1964		1964		1965		1966		1971		1971		1973		1973		1973		1973		
1974		1974		1974		1975		1975		1979		1980		1981		1981		1982		
1982		1982		1985		1985		1986		1988		1989		1989		1989		1990		
1993		1993		1994		1994		1994		1995		1996		1997		1998		1998		
1999		2000		2003		2007		2008		2010		2010		2012		2012		2012		
2012		2013		2013		2013		2014		2015		2017		2019		2020		2020		
2021		2022		2022		2023		2024		2026		2026		2026		2028		2028		
2028		2029		2030		2030		2030		2030		2031		2032		2033		2034		
2034		2034		2037		2038		2040		2040		2040		2040		2041		2041		
2042		2043		2044		2045		2045		2045		2045		2046		2047		2047		
2047		2048		2049		2049		2049		2050		2050		2052		2052		2052		
2052		2052		2053		2053		2053		2053		2056		2057		2057		2057		
2058		2059		2061		2062		2063		2063		2065		2065		2068		2068		
2069		2070		2070		2072		2072		2073		2073		2075		2077		2077		
2077		2078		2079		2079		2082		2082		2082		2083		2084		2084		
2084		2085		2086		2088		2088		2089		2090		2091		2092		2092		
2092		2093		2093		2094		2094		2094		2095		2095		2096		2096		
2096		2097		2097		2098		2100		2100		2103		2105		2108		2108		
2109		2109		2110		2111		2111		2112		2112		2113		2113		2114		
2115		2115		2115		2115		2117		2117		2118		2118		2120		2121		
2123		2123		2123		2124		2125		2125		2125		2125		2129		2131		
2132		2133		2134		2135		2136		2136		2137		2138		2138		2139		
2139		2140		2141		2142		2143		2143		2144		2145		2145		2145		
2146		2146		2147		2147		2147		2147		2147		2148		2149		2149		
2150		2153		2153		2154		2154		2155		2155		2156		2158		2159		
2163		2163		2163		2164		2164		2164		2164		2165		2166		2168		
2169		2169		2171		2174		2176		2176		2177		2177		2180		2180		
2181		2181		2182		2182		2182		2182		2184		2185		2185		2188		
2189		2192		2192		2194		2196		2196		2197		2198		2199		2200		
2201		2201		2201		2203		2203		2203		2203		2204		2205		2208		
2208		2209		2210		2212		2212		2213		2213		2214		2214		2217		
2217		2219		2219		2219		2220		2221		2223		2223		2223		2224		
2224		2224		2225		2225		2226		2227		2228		2231		2232		2232		
2233		2233		2234		2235		2235		2239		2240		2241		2243		2243		
2244		2244		2246		2248		2249		2249		2251		2251		2251		2252		
2253		2253		2254		2254		2255		2256		2256		2256		2257		2257		
2258		2258		2260		2260		2261		2262		2263		2264		2265		2265		
2265		2266		2267		2267		2267		2269		2269		2270		2270		2272		
2272		2273		2274		2274		2275		2275		2276		2277		2277		2278		
2279		2281		2281		2281		2282		2282		2283		2285		2287		2288		
2289		2289		2289		2290		2290		2292		2292		2293		2293		2294		
2295		2295		2298		2299		2300		2301		2301		2301		2302		2302		
2302		2305		2305		2306		2308		2308		2308		2308		2309		2310		
2310		2311		2311		2311		2313		2314		2315		2315		2315		2318		
2319		2321		2323		2323		2324		2325		2326		2326		2326		2326		
2326		2328		2329		2332		2332		2333		2335		2337		2338		2339		
2339		2340		2340		2341		2342		2343		2344		2347		2349		2349		
2350		2352		2352		2353		2358		2359		2360		2360		2361		2363		
2364		2364		2366		2367		2370		2370		2372		2372		2373		2373		
2375		2375		2378		2378		2378		2379		2379		2380		2380		2380		
2381		2383		2383		2383		2383		2385		2385		2386		2386		2387		
2387		2389		2389		2389		2390		2391		2392		2393		2394		2395		
2396		2397		2398		2399		2399		2400		2400		2402		2404		2405		
2405		2407		2408		2409		2410		2410		2410		2410		2411		2412		
2414		2414		2415		2416		2417		2417		2417		2419		2420		2421		
2422		2423		2425		2425		2426		2426		2427		2428		2429		2429		
2430		2431		2432		2433		2434		2434		2435		2438		2439		2440		
2440		2441		2442		2442		2446		2447		2448		2449		2451		2451		
2452		2453		2455		2456		2457		2457		2460		2461		2461		2461		
2461		2463		2465		2465		2465		2466		2471		2472		2472		2473		
2473		2473		2473		2475		2476		2476		2478		2478		2479		2480		
2480		2481		2482		2483		2484		2486		2487		2487		2489		2489		
2489		2491		2491		2491		2492		2492		2493		2493		2493		2494		
2496		2496		2496		2497		2497		2497		2497		2498		2498		2499		
2500		2503		2503		2503		2506		2507		2508		2508		2509		2510		
2512		2513		2514		2514		2515		2517		2519		2520		2521		2521		
2522		2523		2523		2524		2525		2528		2530		2531		2532		2533		
2533		2534		2534		2535		2535		2536		2538		2538		2538		2538		
2539		2539		2539		2539		2539		2540		2540		2540		2541		2541		
2542		2543		2543		2544		2544		2545		2545		2545		2546		2546		
2546		2546		2547		2547		2547		2547		2548		2548		2548		2549		
2549		2549		2550		2550		2550		2553		2553		2554		2555		2555		
2556		2556		2557		2558		2558		2560		2562		2562		2562		2563		
2564		2564		2564		2564		2565		2566		2566		2569		2569		2570		
2571		2571		2573		2575		2575		2579		2579		2580		2580		2583		
2583		2583		2583		2583		2584		2584		2585		2585		2586		2588		
2589		2591		2592		2594		2596		2596		2597		2598		2598		2598		
2600		2600		2600		2600		2602		2604		2605		2605		2605		2605		
2607		2610		2611		2611		2612		2612		2614		2614		2615		2616		
2616		2616		2617		2618		2619		2620		2620		2621		2621		2622		
2624		2625		2626		2627		2628		2628		2628		2628		2629		2630		
2631		2633		2633		2634		2635		2636		2636		2638		2638		2640		
2641		2641		2641		2641		2642		2644		2646		2646		2646		2647		
2648		2650		2650		2652		2653		2654		2656		2656		2657		2658		
2660		2661		2662		2664		2664		2664		2665		2667		2668		2669		
2670		2670		2671		2671		2671		2673		2673		2673		2673		2674		
2675		2676		2678		2678		2678		2679		2680		2681		2683		2684		
2684		2685		2685		2686		2686		2688		2689		2689		2690		2690		
2690		2691		2691		2692		2692		2694		2694		2694		2695		2695		
2696		2698		2699		2699		2700		2700		2701		2701		2705		2705		
2705		2706		2706		2706		2707		2708		2708		2708		2709		2710		
2710		2711		2712		2712		2713		2713		2713		2714		2715		2719		
2719		2720		2721		2721		2722		2722		2722		2722		2725		2725		
2725		2725		2726		2726		2726		2728		2729		2730		2731		2731		
2732		2732		2733		2733		2734		2735		2736		2736		2736		2736		
2737		2737		2739		2740		2740		2740		2740		2741		2741		2741		
2741		2742		2744		2745		2745		2745		2746		2747		2747		2748		
2748		2748		2749		2749		2751		2752		2753		2755		2759		2760		
2761		2761		2762		2763		2764		2765		2765		2766		2769		2769		
2769		2769		2769		2772		2772		2775		2776		2778		2778		2781		
2782		2783		2784		2785		2786		2786		2787		2788		2791		2794		
2796		2796		2797		2797		2798		2799		2802		2802		2803		2804		
2805		2807		2807		2809		2810		2811		2813		2814		2815		2816		
2817		2818		2818		2819		2821		2825		2827		2827		2828		2829		
2830		2831		2832		2832		2832		2836		2836		2837		2839		2840		
2840		2840		2843		2846		2846		2847		2848		2848		2848		2848		
2848		2849		2849		2849		2850		2852		2852		2855		2855		2856		
2856		2856		2860		2860		2861		2862		2863		2865		2866		2866		
2866		2867		2868		2868		2869		2870		2870		2871		2871		2871		
2873		2873		2874		2875		2875		2879		2881		2882		2883		2886		
2887		2891		2894		2894		2896		2897		2897		2899		2900		2903		
2903		2903		2904		2904		2905		2905		2905		2907		2909		2909		
2911		2912		2914		2915		2915		2916		2916		2920		2922		2922		
2922		2924		2925		2930		2931		2932		2933		2934		2935		2936		
2937		2938		2939		2939		2939		2941		2941		2944		2945		2945		
2946		2947		2947		2948		2949		2954		2955		2957		2959		2959		
2959		2961		2963		2964		2965		2966		2966		2967		2968		2969		
2970		2971		2972		2973		2974		2974		2975		2976		2978		2980		
2984		2984		2985		2985		2986		2987		2987		2988		2993		2998		
3000		3000		3001		3003		3003		3004		3007		3009		3010		3010		
3011		3012		3012		3012		3012		3017		3019		3020		3021		3022		
3022		3024		3025		3025		3025		3027		3028		3031		3031		3032		
3032		3034		3034		3036		3040		3041		3043		3043		3044		3045		
3046		3047		3047		3052		3052		3054		3054		3056		3057		3058		
3059		3060		3062		3062		3065		3065		3067		3068		3068		3068		
3069		3070		3071		3072		3072		3074		3076		3076		3077		3079		
3082		3083		3085		3085		3086		3086		3086		3087		3088		3091		
3092		3092		3093		3094		3094		3094		3095		3095		3098		3098		
3099		3099		3102		3103		3103		3105		3106		3106		3108		3108		
3108		3108		3110		3111		3112		3112		3113		3116		3116		3116		
3117		3119		3119		3122		3123		3123		3124		3125		3125		3125		
3127		3127		3129		3130		3130		3131		3131		3132		3133		3133		
3134		3136		3137		3139		3139		3140		3140		3142		3142		3142		
3143		3144		3144		3145		3146		3147		3148		3149		3151		3152		
3152		3154		3156		3156		3157		3157		3157		3158		3159		3160		
3161		3162		3163		3164		3164		3166		3166		3166		3167		3168		
3169		3171		3172		3172		3173		3173		3175		3175		3176		3178		
3178		3183		3185		3188		3189		3191		3191		3192		3192		3192		
3193		3193		3194		3195		3198		3199		3200		3202		3203		3206		
3207		3207		3207		3208		3208		3211		3212		3213		3215		3217		
3217		3220		3221		3221		3222		3222		3223		3223		3224		3225		
3226		3226		3227		3228		3229		3230		3231		3232		3232		3233		
3234		3235		3237		3237		3237		3238		3239		3242		3243		3243		
3244		3244		3246		3247		3247		3247		3249		3250		3250		3250		
3251		3252		3254		3256		3256		3257		3259		3260		3261		3264		
3264		3265		3265		3266		3266		3267		3269		3270		3270		3270		
3270		3271		3271		3272		3274		3276		3276		3276		3276		3279		
3279		3281		3281		3285		3286		3288		3292		3292		3293		3294		
3298		3299		3300		3301		3301		3302		3302		3303		3304		3305		
3305		3308		3311		3312		3313		3314		3315		3316		3316		3317		
3319		3320		3320		3321		3322		3322		3322		3323		3323		3323		
3325		3326		3326		3327		3331		3331		3332		3334		3337		3338		
3340		3341		3342		3343		3343		3344		3344		3345		3346		3347		
3347		3348		3350		3351		3351		3352		3353		3354		3358		3358		
3360		3360		3362		3362		3365		3365		3365		3366		3367		3367		
3368		3369		3372		3373		3374		3374		3374		3374		3376		3376		
3380		3380		3381		3381		3382		3382		3385		3385		3387		3388		
3388		3388		3389		3390		3391		3391		3391		3391		3391		3392		
3392		3394		3395		3395		3396		3396		3400		3400		3401		3402		
3403		3403		3404		3405		3407		3409		3409		3411		3412		3412		
3413		3413		3414		3414		3415		3416		3416		3416		3417		3418		
3419		3420		3420		3421		3422		3423		3425		3425		3426		3427		
3428		3430		3433		3434		3434		3439		3441		3442		3447		3447		
3448		3448		3448		3449		3450		3454		3454		3455		3455		3457		
3459		3460		3461		3463		3463		3464		3465		3466		3469		3472		
3473		3474		3474		3474		3477		3480		3482		3482		3486		3487		
3489		3489		3489		3493		3493		3493		3495		3496		3496		3497		
3497		3497		3499		3500		3500		3500		3500		3501		3502		3503		
3504		3504		3505		3506		3506		3508		3509		3509		3509		3511		
3512		3512		3514		3514		3514		3515		3516		3516		3517		3520		
3523		3523		3525		3525		3529		3529		3529		3531		3533		3534		
3537		3538		3538		3538		3538		3538		3543		3544		3544		3545		
3545		3545		3548		3548		3549		3550		3550		3553		3554		3555		
3556		3557		3558		3559		3560		3561		3561		3563		3563		3564		
3566		3566		3569		3569		3570		3570		3571		3573		3575		3575		
3575		3578		3578		3581		3583		3585		3585		3585		3586		3588		
3588		3589		3589		3589		3590		3592		3594		3595		3595		3596		
3596		3597		3598		3601		3601		3602		3603		3603		3606		3607		
3608		3609		3610		3610		3610		3610		3610		3611		3613		3616		
3616		3619		3619		3620		3621		3621		3625		3626		3628		3629		
3629		3629		3630		3630		3631		3632		3632		3633		3634		3636		
3638		3639		3639		3640		3642		3644		3646		3650		3650		3651		
3652		3652		3653		3653		3653		3654		3654		3655		3656		3662		
3663		3664		3665		3666		3666		3666		3667		3667		3669		3671		
3673		3673		3676		3677		3679		3681		3684		3684		3686		3686		
3687		3690		3691		3693		3695		3696		3697		3697		3698		3699		
3700		3701		3702		3706		3706		3706		3706		3707		3707		3709		
3710		3711		3712		3713		3713		3713		3715		3715		3716		3719		
3720		3722		3723		3724		3724		3725		3726		3727		3728		3729		
3729		3732		3733		3734		3734		3734		3734		3735		3737		3738		
3741		3745		3746		3746		3747		3747		3748		3749		3749		3749		
3752		3752		3753		3753		3753		3753		3754		3757		3758		3758		
3760		3760		3760		3761		3764		3765		3766		3767		3768		3768		
3770		3771		3771		3773		3774		3778		3778		3779		3781		3786		
3787		3788		3788		3792		3792		3792		3793		3794		3794		3794		
3794		3797		3797		3799		3800		3801		3802		3804		3805		3805		
3807		3808		3808		3814		3814		3817		3817		3820		3821		3823		
3825		3825		3825		3826		3827		3827		3830		3831		3831		3832		
3832		3833		3834		3835		3835		3836		3837		3839		3840		3842		
3842		3843		3843		3843		3844		3845		3847		3848		3848		3853		
3853		3855		3857		3858		3859		3860		3860		3862		3863		3865		
3866		3866		3866		3866		3870		3871		3871		3871		3872		3873		
3874		3874		3875		3876		3877		3877		3878		3879		3880		3881		
3881		3882		3883		3884		3885		3886		3888		3889		3889		3890		
3890		3891		3891		3894		3896		3897		3898		3899		3900		3901		
3901		3902		3906		3908		3908		3909		3909		3910		3912		3912		
3913		3913		3916		3917		3918		3919		3920		3920		3923		3923		
3924		3925		3928		3931		3931		3932		3934		3935		3935		3938		
3940		3942		3942		3942		3942		3943		3943		3944		3947		3949		
3950		3951		3951		3952		3952		3953		3954		3955		3955		3955		
3956		3956		3958		3958		3961		3964		3965		3967		3967		3970		
3970		3971		3971		3972		3974		3980		3981		3981		3982		3983		
3985		3987		3988		3988		3989		3992		3993		3993		3994		3994		
3996		3996		3997		3997		3998		3999		4000		4001		4007		4008		
4008		4009		4012		4012		4016		4017		4019		4019		4022		4023		
4023		4025		4027		4029		4030		4030		4030		4030		4031		4031		
4033		4033		4034		4034		4034		4035		4036		4036		4036		4036		
4037		4037		4041		4042		4042		4043		4044		4045		4045		4045		
4047		4047		4047		4047		4048		4048		4049		4049		4052		4052		
4052		4053		4053		4054		4054		4055		4055		4055		4058		4058		
4059		4059		4061		4062		4063		4063		4065		4065		4066		4067		
4068		4070		4070		4072		4075		4075		4075		4076		4077		4079		
4079		4083		4084		4084		4086		4087		4089		4090		4090		4091		
4092		4092		4094		4094		4097		4099		4100		4100		4100		4100		
4103		4103		4105		4107		4107		4107		4109		4110		4110		4111		
4111		4111		4112		4112		4115		4117		4118		4122		4123		4123		
4124		4125		4126		4126		4128		4128		4130		4130		4132		4132		
4133		4133		4141		4142		4144		4146		4146		4146		4147		4148		
4149		4150		4153		4153		4154		4155		4156		4156		4156		4156		
4157		4158		4159		4162		4164		4165		4167		4169		4169		4169		
4170		4171		4171		4172		4173		4174		4177		4177		4179		4179		
4180		4180		4181		4181		4181		4183		4183		4185		4185		4186		
4187		4187		4188		4190		4190		4191		4191		4194		4197		4199		
4199		4200		4201		4203		4203		4206		4206		4207		4208		4211		
4212		4213		4214		4215		4216		4217		4217		4218		4218		4218		
4219		4220		4220		4225		4225		4226		4226		4231		4232		4233		
4234		4234		4237		4237		4238		4243		4244		4245		4246		4246		
4246		4248		4248		4249		4250		4250		4251		4253		4255		4257		
4257		4258		4259		4259		4259		4263		4265		4265		4267		4269		
4269		4270		4270		4271		4273		4273		4274		4275		4276		4277		
4278		4280		4280		4281		4283		4288		4294		4294		4295		4295		
4295		4295		4296		4297		4299		4303		4303		4305		4308		4308		
4309		4311		4312		4312		4313		4313		4314		4317		4317		4319		
4321		4322		4324		4325		4328		4328		4328		4329		4329		4330		
4332		4336		4337		4339		4343		4343		4345		4345		4349		4349		
4350		4350		4351		4352		4352		4353		4356		4357		4358		4360		
4361		4363		4366		4366		4367		4368		4368		4369		4369		4371		
4371		4372		4373		4375		4377		4378		4380		4385		4386		4388		
4390		4390		4390		4393		4394		4395		4395		4396		4397		4398		
4399		4400		4401		4401		4404		4404		4405		4408		4410		4411		
4411		4411		4412		4413		4416		4416		4417		4419		4422		4424		
4426		4426		4426		4427		4433		4433		4435		4436		4440		4440		
4441		4441		4441		4442		4443		4443		4445		4448		4450		4451		
4453		4454		4455		4456		4457		4458		4459		4461		4461		4461		
4461		4462		4462		4462		4466		4466		4467		4468		4468		4468		
4469		4473		4473		4478		4478		4480		4483		4484		4484		4485		
4486		4487		4488		4489		4492		4492		4495		4495		4497		4497		
4497		4498		4498		4501		4502		4503		4503		4503		4506		4509		
4510		4512		4512		4513		4514		4518		4519		4519		4522		4522		
4522		4522		4523		4523		4524		4525		4527		4527		4529		4530		
4531		4532		4534		4537		4542		4543		4543		4545		4546		4548		
4549		4549		4550		4550		4551		4554		4555		4556		4557		4562		
4562		4563		4564		4565		4566		4567		4571		4573		4574		4574		
4574		4575		4575		4576		4578		4578		4578		4580		4580		4587		
4588		4589		4591		4593		4594		4594		4594		4595		4596		4596		
4599		4601		4603		4604		4604		4608		4611		4612		4615		4618		
4620		4622		4623		4623		4624		4625		4625		4628		4629		4630		
4631		4632		4633		4634		4634		4635		4637		4637		4637		4638		
4638		4638		4639		4640		4642		4643		4643		4644		4647		4647		
4647		4649		4649		4653		4654		4654		4654		4654		4656		4657		
4658		4661		4662		4662		4663		4663		4666		4666		4668		4671		
4672		4673		4674		4674		4676		4676		4677		4679		4679		4680		
4681		4682		4683		4683		4684		4684		4685		4686		4691		4692		
4692		4692		4693		4695		4696		4698		4698		4701		4702		4702		
4702		4705		4707		4708		4710		4710		4710		4710		4710		4712		
4713		4713		4715		4718		4722		4722		4724		4724		4724		4725		
4725		4728		4728		4728		4730		4730		4732		4732		4734		4736		
4740		4741		4741		4744		4744		4744		4744		4745		4745		4745		
4745		4746		4747		4752		4756		4759		4759		4760		4761		4761		
4763		4769		4769		4774		4775		4776		4776		4777		4777		4777		
4778		4779		4779		4780		4781		4782		4782		4787		4788		4790		
4793		4794		4795		4797		4798		4799		4800		4800		4800		4801		
4801		4802		4803		4803		4807		4809		4809		4810		4812		4814		
4815		4816		4818		4818		4820		4821		4821		4823		4824		4824		
4825		4826		4826		4826		4829		4829		4829		4830		4831		4833		
4836		4837		4841		4841		4841		4842		4844		4847		4847		4849		
4849		4849		4851		4851		4852		4852		4852		4854		4854		4855		
4856		4856		4857		4859		4863		4863		4866		4866		4869		4869		
4870		4871		4872		4873		4873		4877		4877		4878		4879		4882		
4882		4882		4887		4887		4888		4889		4889		4890		4890		4890		
4891		4893		4893		4896		4896		4898		4899		4900		4901		4906		
4907		4908		4908		4908		4913		4913		4915		4917		4918		4919		
4919		4922		4923		4925		4926		4926		4927		4929		4929		4930		
4932		4934		4934		4934		4936		4937		4937		4938		4942		4943		
4943		4943		4948		4949		4950		4950		4950		4951		4953		4954		
4955		4956		4957		4957		4957		4959		4959		4960		4961		4961		
4966		4966		4967		4967		4969		4970		4970		4972		4972		4972		
4973		4975		4976		4976		4977		4978		4978		4978		4978		4982		
4982		4982		4983		4984		4986		4986		4986		4987		4988		4989		
4989		4990		4990		4992		4993		4994		4994		4994		4995		4997		
4998		5000		5000		5000		5002		5002		5003		5007		5008		5010		
5011		5012		5012		5017		5018		5021		5023		5024		5026		5026		
5027		5027		5028		5028		5028		5031		5032		5032		5032		5033		
5033		5034		5035		5036		5037		5039		5043		5046		5047		5047		
5047		5048		5049		5049		5052		5054		5054		5055		5057		5057		
5057		5058		5059		5059		5060		5062		5062		5063		5064		5065		
5065		5066		5067		5067		5068		5069		5070		5071		5072		5073		
5074		5075		5076		5077		5077		5081		5085		5088		5088		5094		
5098		5098		5099		5100		5101		5101		5102		5102		5103		5103		
5104		5105		5107		5108		5108		5108		5109		5109		5109		5110		
5110		5112		5113		5114		5114		5114		5115		5116		5118		5125		
5127		5127		5128		5129		5132		5132		5134		5137		5138		5138		
5140		5140		5141		5143		5144		5144		5146		5147		5149		5150		
5154		5154		5158		5158		5160		5162		5162		5162		5165		5165		
5165		5168		5171		5171		5172		5173		5173		5176		5176		5177		
5179		5179		5180		5181		5184		5185		5185		5185		5186		5187		
5188		5189		5189		5189		5189		5189		5190		5191		5191		5192		
5193		5194		5194		5197		5197		5198		5198		5199		5199		5199		
5205		5206		5209		5209		5209		5209		5210		5213		5215		5217		
5218		5218		5219		5221		5223		5224		5224		5224		5226		5227		
5227		5227		5230		5230		5231		5234		5234		5235		5235		5236		
5236		5236		5236		5238		5238		5238		5240		5241		5242		5243		
5243		5244		5246		5247		5247		5247		5247		5248		5248		5249		
5252		5253		5254		5254		5257		5257		5258		5258		5258		5260		
5260		5262		5264		5266		5269		5270		5271		5272		5274		5275		
5276		5278		5280		5280		5282		5282		5282		5283		5283		5283		
5283		5283		5283		5284		5287		5287		5288		5289		5289		5292		
5293		5294		5294		5295		5295		5299		5300		5300		5301		5302		
5303		5304		5306		5307		5309		5310		5312		5313		5313		5313		
5315		5316		5317		5318		5323		5323		5323		5324		5325		5325		
5325		5325		5326		5328		5329		5329		5330		5330		5330		5331		
5332		5333		5333		5333		5336		5336		5337		5338		5340		5340		
5340		5342		5346		5347		5349		5350		5351		5353		5357		5357		
5357		5357		5359		5363		5365		5366		5368		5368		5369		5370		
5372		5373		5373		5373		5374		5375		5376		5378		5379		5379		
5379		5383		5383		5383		5384		5385		5386		5386		5387		5387		
5388		5389		5390		5390		5391		5395		5395		5396		5397		5397		
5397		5399		5400		5407		5407		5407		5409		5412		5414		5415		
5416		5416		5417		5418		5419		5420		5421		5423		5425		5425		
5426		5426		5427		5427		5430		5431		5431		5431		5432		5432		
5433		5434		5434		5434		5435		5438		5438		5442		5443		5443		
5446		5448		5451		5453		5453		5454		5454		5457		5458		5460		
5460		5461		5462		5463		5465		5465		5466		5467		5468		5469		
5470		5470		5471		5476		5477		5477		5478		5479		5480		5481		
5482		5482		5483		5486		5487		5488		5491		5494		5495		5496		
5496		5496		5497		5498		5498		5498		5498		5501		5501		5501		
5502		5503		5503		5504		5505		5507		5508		5508		5508		5509		
5510		5511		5512		5515		5516		5517		5517		5519		5519		5519		
5520		5520		5523		5527		5527		5529		5530		5531		5532		5533		
5534		5535		5536		5536		5539		5540		5542		5543		5543		5544		
5545		5546		5549		5550		5550		5550		5552		5552		5553		5553		
5553		5555		5557		5558		5559		5560		5563		5565		5565		5567		
5568		5570		5572		5572		5573		5574		5577		5580		5581		5582		
5583		5584		5586		5587		5589		5592		5593		5593		5593		5596		
5596		5596		5597		5598		5599		5602		5603		5604		5606		5607		
5608		5608		5609		5609		5609		5609		5610		5611		5613		5614		
5615		5616		5617		5618		5618		5619		5619		5621		5622		5622		
5623		5626		5630		5630		5631		5631		5632		5633		5634		5635		
5639		5639		5641		5643		5644		5645		5648		5649		5650		5650		
5651		5652		5652		5654		5655		5656		5658		5659		5659		5661		
5662		5663		5663		5664		5666		5667		5668		5668		5669		5670		
5672		5672		5675		5677		5678		5678		5678		5679		5679		5680		
5680		5685		5687		5697		5698		5698		5701		5702		5702		5706		
5708		5710		5711		5712		5714		5715		5716		5717		5719		5720		
5720		5720		5722		5724		5727		5729		5729		5731		5732		5733		
5734		5735		5738		5738		5739		5744		5744		5745		5745		5745		
5746		5746		5747		5747		5748		5750		5751		5751		5751		5751		
5752		5752		5752		5752		5753		5754		5755		5759		5760		5760		
5762		5763		5765		5765		5766		5767		5767		5767		5767		5768		
5768		5772		5772		5772		5773		5774		5776		5777		5777		5778		
5778		5778		5780		5780		5781		5783		5786		5786		5788		5789		
5789		5789		5790		5790		5790		5790		5791		5796		5796		5798		
5798		5800		5803		5807		5808		5808		5809		5811		5813		5814		
5814		5814		5814		5818		5821		5822		5822		5823		5826		5826		
5827		5828		5829		5830		5830		5833		5835		5837		5838		5839		
5841		5843		5844		5845		5848		5849		5850		5851		5853		5853		
5855		5856		5858		5859		5860		5863		5869		5870		5873		5873		
5874		5877		5879		5880		5880		5881		5883		5883		5885		5886		
5886		5888		5889		5890		5893		5894		5894		5896		5896		5897		
5898		5898		5899		5899		5899		5899		5900		5900		5902		5903		
5904		5905		5908		5908		5908		5909		5910		5910		5913		5913		
5914		5914		5916		5916		5916		5916		5918		5923		5923		5923		
5924		5924		5924		5924		5926		5926		5929		5929		5929		5930		
5930		5931		5931		5932		5933		5934		5935		5935		5936		5937		
5940		5947		5947		5948		5952		5954		5956		5957		5957		5958		
5958		5959		5960		5962		5965		5967		5969		5971		5971		5972		
5973		5973		5974		5976		5976		5978		5981		5982		5982		5982		
5984		5985		5985		5988		5988		5988		5988		5992		5992		5993		
5994		5995		5995		5995		5995		5996		5997		5997		5997		5998		
6000		6002		6003		6003		6005		6006		6008		6008		6008		6008		
6010		6010		6012		6012		6016		6018		6018		6018		6019		6020		
6021		6023		6023		6024		6027		6028		6028		6032		6035		6035		
6037		6040		6041		6042		6046		6046		6047		6054		6055		6055		
6055		6056		6056		6058		6059		6060		6061		6061		6064		6064		
6064		6065		6066		6066		6068		6069		6069		6070		6072		6073		
6073		6073		6074		6075		6075		6077		6078		6081		6082		6082		
6084		6084		6085		6085		6086		6087		6089		6090		6091		6092		
6093		6095		6096		6096		6098		6098		6099		6102		6103		6103		
6105		6106		6107		6108		6109		6112		6112		6113		6116		6120		
6122		6123		6123		6123		6125		6127		6127		6128		6129		6130		
6133		6135		6138		6140		6140		6144		6144		6146		6147		6147		
6149		6149		6149		6151		6152		6152		6154		6154		6155		6155		
6160		6160		6161		6162		6164		6164		6164		6165		6165		6167		
6167		6168		6168		6168		6171		6172		6172		6173		6173		6176		
6177		6178		6180		6181		6182		6182		6183		6183		6186		6186		
6186		6187		6187		6187		6188		6195		6195		6195		6200		6201		
6203		6204		6205		6206		6207		6209		6209		6210		6210		6211		
6211		6212		6212		6213		6214		6215		6217		6217		6217		6218		
6219		6221		6221		6222		6223		6226		6226		6227		6227		6235		
6236		6237		6238		6238		6239		6241		6242		6242		6243		6245		
6246		6247		6252		6254		6255		6256		6263		6266		6267		6267		
6269		6269		6270		6272		6272		6272		6273		6273		6275		6276		
6278		6278		6278		6279		6279		6280		6280		6282		6283		6284		
6286		6286		6288		6288		6288		6289		6290		6290		6292		6293		
6294		6295		6296		6297		6298		6300		6301		6303		6303		6304		
6304		6306		6307		6309		6310		6311		6311		6313		6313		6313		
6314		6316		6316		6318		6323		6327		6327		6327		6328		6328		
6329		6329		6329		6331		6332		6332		6333		6333		6333		6334		
6337		6337		6337		6338		6339		6339		6341		6341		6342		6342		
6343		6344		6345		6345		6346		6346		6351		6351		6352		6353		
6355		6355		6356		6356		6357		6359		6360		6364		6368		6368		
6368		6371		6372		6374		6375		6375		6376		6380		6380		6382		
6383		6383		6384		6384		6386		6388		6389		6390		6390		6390		
6391		6393		6396		6396		6397		6397		6397		6398		6402		6404		
6404		6407		6407		6407		6408		6409		6409		6410		6410		6411		
6412		6414		6415		6416		6416		6416		6417		6417		6417		6418		
6420		6422		6422		6423		6424		6427		6427		6427		6427		6428		
6428		6429		6429		6430		6430		6431		6432		6433		6434		6436		
6436		6436		6439		6439		6439		6439		6443		6443		6446		6448		
6449		6450		6451		6453		6453		6455		6458		6459		6459		6460		
6461		6461		6470		6470		6472		6475		6476		6476		6477		6477		
6478		6478		6480		6481		6482		6485		6485		6486		6487		6489		
6491		6491		6491		6493		6495		6496		6496		6498		6498		6499		
6501		6502		6503		6504		6504		6505		6505		6506		6507		6507		
6507		6510		6511		6512		6513		6513		6514		6515		6516		6518		
6520		6521		6521		6523		6523		6523		6525		6526		6527		6529		
6530		6530		6531		6532		6533		6533		6534		6534		6534		6534		
6535		6535		6535		6538		6539		6545		6545		6547		6548		6548		
6548		6549		6551		6552		6552		6554		6555		6555		6556		6556		
6557		6558		6558		6559		6559		6561		6561		6563		6564		6564		
6564		6564		6568		6568		6568		6570		6571		6573		6576		6577		
6577		6579		6579		6581		6582		6582		6583		6583		6583		6584		
6586		6586		6586		6587		6587		6588		6589		6591		6593		6594		
6598		6601		6601		6601		6601		6605		6605		6609		6611		6614		
6614		6614		6615		6616		6616		6616		6618		6620		6622		6622		
6623		6627		6628		6630		6631		6633		6634		6634		6634		6635		
6638		6639		6639		6641		6641		6641		6642		6645		6645		6648		
6651		6653		6655		6657		6657		6658		6660		6661		6661		6663		
6663		6664		6665		6665		6666		6667		6668		6668		6668		6669		
6670		6670		6672		6676		6676		6676		6676		6676		6677		6677		
6678		6680		6680		6681		6682		6683		6683		6683		6687		6688		
6688		6691		6692		6692		6693		6694		6695		6695		6695		6696		
6696		6698		6700		6701		6703		6704		6705		6706		6706		6707		
6708		6709		6710		6711		6713		6713		6714		6714		6715		6715		
6716		6718		6722		6722		6723		6723		6723		6724		6725		6726		
6731		6733		6734		6734		6735		6736		6737		6737		6738		6739		
6739		6740		6741		6741		6742		6743		6746		6746		6747		6747		
6748		6749		6749		6751		6756		6756		6757		6758		6760		6760		
6761		6762		6763		6764		6764		6766		6766		6767		6768		6769		
6771		6772		6773		6775		6775		6776		6778		6780		6780		6780		
6781		6781		6784		6785		6786		6786		6787		6789		6789		6790		
6790		6790		6790		6791		6792		6793		6794		6795		6796		6798		
6799		6799		6801		6802		6802		6802		6805		6806		6808		6809		
6811		6811		6812		6812		6812		6812		6813		6818		6820		6821		
6822		6824		6826		6826		6826		6827		6827		6827		6829		6830		
6830		6831		6834		6836		6836		6838		6839		6841		6842		6842		
6842		6843		6844		6844		6846		6848		6850		6851		6852		6856		
6859		6859		6860		6860		6861		6861		6862		6865		6865		6867		
6867		6871		6873		6874		6876		6879		6881		6881		6883		6884		
6886		6886		6887		6889		6890		6890		6891		6892		6893		6894		
6894		6896		6896		6897		6898		6898		6898		6898		6903		6903		
6905		6905		6906		6908		6908		6909		6910		6911		6912		6912		
6912		6912		6913		6915		6917		6918		6920		6921		6925		6927		
6927		6928		6930		6930		6933		6935		6936		6936		6937		6937		
6938		6941		6941		6941		6942		6943		6944		6944		6945		6946		
6946		6946		6947		6947		6948		6950		6951		6953		6954		6954		
6956		6958		6960		6964		6964		6966		6966		6967		6971		6971		
6971		6973		6974		6975		6979		6980		6982		6982		6982		6985		
6991		6992		6993		6994		6994		6996		6996		6996		6998		6998		
6999		7002		7003		7005		7006		7006		7007		7007		7008		7009		
7010		7013		7014		7014		7014		7015		7015		7016		7017		7021		
7021		7022		7022		7023		7023		7023		7026		7026		7026		7028		
7029		7030		7031		7031		7032		7032		7034		7035		7035		7035		
7035		7036		7036		7039		7040		7041		7044		7046		7048		7050		
7051		7054		7054		7055		7057		7059		7061		7061		7064		7064		
7064		7065		7069		7070		7071		7071		7071		7071		7072		7072		
7073		7073		7074		7080		7080		7083		7083		7085		7086		7087		
7091		7091		7093		7094		7095		7096		7096		7100		7101		7101		
7101		7101		7103		7104		7104		7104		7104		7106		7107		7110		
7110		7114		7115		7115		7116		7118		7122		7122		7123		7123		
7125		7125		7125		7126		7126		7127		7130		7132		7132		7134		
7136		7136		7137		7137		7141		7141		7142		7143		7144		7144		
7146		7146		7147		7148		7148		7149		7149		7150		7151		7152		
7152		7154		7154		7154		7156		7160		7164		7164		7164		7165		
7166		7166		7168		7171		7172		7172		7172		7173		7173		7173		
7175		7176		7177		7178		7180		7182		7183		7184		7185		7187		
7187		7187		7188		7188		7189		7189		7189		7192		7193		7194		
7195		7198		7201		7202		7203		7208		7209		7211		7212		7215		
7215		7216		7217		7219		7220		7221		7221		7221		7222		7223		
7224		7224		7224		7226		7226		7226		7226		7227		7227		7231		
7231		7232		7233		7237		7238		7238		7238		7240		7243		7243		
7244		7244		7245		7247		7247		7248		7248		7250		7250		7251		
7254		7255		7256		7257		7257		7259		7260		7262		7263		7264		
7264		7266		7267		7270		7271		7272		7272		7277		7277		7279		
7280		7282		7282		7283		7283		7283		7283		7284		7284		7285		
7286		7287		7287		7288		7290		7291		7292		7295		7295		7297		
7297		7298		7299		7300		7300		7300		7301		7304		7307		7308		
7308		7308		7311		7312		7313		7313		7313		7314		7314		7315		
7316		7319		7322		7323		7324		7325		7327		7328		7329		7329		
7329		7332		7332		7334		7334		7334		7336		7339		7342		7342		
7345		7345		7346		7347		7348		7348		7348		7348		7353		7353		
7354		7356		7356		7358		7359		7359		7361		7362		7362		7364		
7364		7364		7366		7370		7371		7373		7373		7373		7375		7375		
7376		7380		7380		7381		7381		7381		7382		7383		7386		7390		
7392		7396		7396		7397		7397		7398		7398		7399		7399		7404		
7404		7404		7405		7405		7405		7405		7407		7408		7409		7413		
7413		7414		7414		7414		7416		7417		7417		7417		7417		7418		
7420		7427		7427		7427		7428		7430		7430		7431		7431		7432		
7436		7436		7436		7440		7440		7444		7445		7446		7447		7448		
7448		7448		7449		7451		7452		7452		7454		7455		7455		7459		
7460		7464		7468		7469		7469		7469		7470		7471		7471		7473		
7476		7478		7481		7482		7483		7483		7485		7485		7485		7486		
7493		7493		7494		7497		7497		7497		7498		7499		7501		7502		
7503		7503		7504		7506		7507		7507		7517		7518		7522		7525		
7525		7527		7530		7531		7531		7532		7533		7534		7535		7535		
7535		7536		7536		7537		7538		7539		7540		7540		7540		7540		
7542		7543		7544		7544		7545		7545		7545		7547		7547		7548		
7550		7550		7551		7552		7554		7554		7555		7556		7558		7559		
7562		7562		7564		7565		7565		7565		7568		7572		7572		7575		
7575		7575		7577		7578		7579		7581		7582		7582		7583		7583		
7585		7586		7587		7587		7588		7588		7589		7589		7590		7594		
7595		7596		7596		7600		7600		7602		7604		7606		7608		7608		
7610		7610		7611		7611		7612		7612		7612		7613		7615		7615		
7615		7617		7619		7620		7623		7624		7625		7626		7626		7626		
7630		7630		7631		7632		7633		7634		7635		7636		7636		7636		
7637		7639		7639		7639		7640		7640		7648		7648		7649		7649		
7651		7651		7651		7651		7652		7658		7660		7660		7660		7661		
7662		7662		7662		7663		7666		7667		7667		7669		7669		7670		
7672		7673		7673		7673		7674		7674		7676		7678		7678		7680		
7681		7682		7682		7684		7685		7685		7686		7687		7689		7689		
7690		7690		7692		7693		7694		7695		7695		7695		7701		7701		
7704		7704		7705		7705		7706		7710		7712		7713		7716		7717		
7718		7720		7721		7723		7723		7723		7725		7725		7726		7726		
7727		7729		7729		7730		7730		7731		7732		7732		7733		7734		
7734		7734		7735		7735		7739		7740		7740		7740		7741		7744		
7746		7746		7746		7748		7749		7750		7750		7755		7755		7756		
7756		7756		7761		7761		7761		7762		7763		7764		7765		7766		
7767		7768		7769		7770		7771		7771		7772		7774		7777		7778		
7779		7781		7783		7783		7784		7786		7788		7789		7790		7790		
7790		7791		7794		7795		7795		7796		7796		7796		7796		7797		
7797		7797		7798		7799		7800		7801		7802		7802		7805		7805		
7806		7808		7810		7810		7811		7812		7812		7813		7815		7817		
7818		7819		7820		7821		7822		7823		7823		7824		7827		7828		
7830		7830		7830		7830		7831		7832		7833		7837		7838		7839		
7840		7840		7843		7844		7846		7847		7848		7848		7849		7850		
7854		7854		7857		7857		7857		7858		7859		7859		7860		7860		
7861		7863		7863		7867		7867		7867		7867		7868		7868		7869		
7870		7870		7873		7873		7873		7875		7877		7877		7877		7878		
7879		7880		7881		7881		7881		7882		7882		7885		7885		7886		
7886		7886		7887		7887		7888		7888		7888		7888		7890		7890		
7892		7900		7903		7905		7906		7906		7907		7907		7909		7910		
7910		7910		7911		7912		7912		7912		7914		7914		7914		7915		
7915		7917		7918		7918		7919		7920		7920		7922		7922		7924		
7926		7928		7929		7929		7929		7930		7931		7932		7934		7934		
7935		7935		7938		7939		7939		7942		7942		7943		7943		7945		
7946		7948		7950		7950		7954		7954		7956		7957		7959		7959		
7960		7961		7961		7966		7966		7967		7968		7968		7969		7969		
7969		7970		7970		7971		7971		7972		7974		7982		7983		7985		
7985		7985		7988		7988		7988		7989		7991		7992		7992		7993		
7993		7995		7996		7997		8001		8002		8003		8005		8005		8007		
8008		8008		8010		8010		8012		8013		8016		8019		8020		8020		
8021		8022		8024		8025		8027		8028		8029		8029		8030		8037		
8040		8040		8043		8044		8045		8046		8046		8046		8049		8050		
8051		8054		8054		8056		8058		8058		8059		8059		8060		8062		
8062		8064		8064		8064		8066		8066		8067		8068		8068		8068		
8069		8069		8072		8072		8072		8072		8072		8075		8076		8078		
8078		8079		8080		8080		8080		8083		8085		8086		8087		8088		
8090		8092		8093		8094		8097		8097		8098		8099		8102		8103		
8104		8104		8104		8105		8106		8107		8108		8110		8114		8118		
8118		8118		8118		8119		8121		8121		8122		8122		8123		8123		
8124		8126		8126		8128		8130		8131		8136		8137		8138		8139		
8139		8140		8140		8140		8141		8145		8145		8146		8147		8149		
8151		8151		8151		8154		8155		8155		8156		8157		8158		8158		
8164		8164		8166		8168		8169		8171		8173		8173		8174		8174		
8176		8177		8177		8178		8179		8179		8179		8181		8182		8182		
8183		8183		8184		8185		8185		8186		8186		8187		8188		8190		
8191		8192		8192		8193		8193		8194		8194		8194		8194		8195		
8195		8196		8197		8198		8201		8203		8203		8206		8208		8209		
8210		8210		8212		8212		8213		8215		8216		8216		8218		8218		
8219		8219		8220		8220		8221		8222		8223		8225		8226		8227		
8228		8228		8229		8230		8231		8231		8234		8234		8236		8237		
8238		8238		8238		8238		8240		8240		8240		8241		8242		8242		
8243		8244		8246		8247		8247		8249		8250		8250		8250		8252		
8252		8252		8253		8253		8255		8255		8255		8255		8256		8258		
8262		8263		8264		8264		8265		8267		8268		8268		8269		8273		
8273		8273		8274		8275		8275		8276		8277		8277		8277		8281		
8281		8283		8286		8287		8287		8289		8289		8293		8293		8295		
8297		8298		8300		8300		8301		8302		8302		8303		8304		8304		
8305		8306		8308		8308		8308		8311		8312		8313		8314		8315		
8321		8321		8322		8322		8323		8324		8324		8327		8328		8328		
8329		8331		8335		8336		8336		8337		8339		8340		8341		8342		
8343		8343		8344		8345		8346		8346		8348		8353		8354		8355		
8357		8358		8358		8358		8359		8361		8362		8362		8362		8363		
8365		8366		8366		8367		8367		8368		8371		8372		8374		8375		
8376		8379		8380		8382		8384		8385		8386		8387		8387		8388		
8389		8391		8392		8394		8394		8395		8396		8396		8397		8397		
8399		8401		8402		8402		8407		8407		8407		8410		8411		8411		
8412		8412		8413		8414		8414		8414		8414		8417		8417		8418		
8418		8420		8421		8421		8421		8423		8424		8428		8431		8432		
8432		8432		8434		8435		8436		8439		8439		8442		8444		8445		
8447		8451		8457		8457		8457		8459		8460		8460		8460		8460		
8461		8461		8462		8462		8462		8463		8464		8465		8465		8467		
8469		8470		8471		8471		8471		8473		8476		8478		8480		8480		
8481		8482		8483		8484		8485		8485		8489		8489		8489		8489		
8490		8491		8494		8494		8495		8495		8496		8498		8498		8498		
8499		8500		8500		8502		8502		8503		8506		8509		8510		8510		
8514		8514		8515		8515		8517		8518		8521		8522		8522		8523		
8524		8524		8525		8525		8528		8528		8529		8530		8531		8533		
8533		8534		8536		8537		8538		8539		8540		8542		8542		8543		
8544		8545		8549		8550		8550		8552		8552		8552		8555		8557		
8558		8558		8559		8559		8559		8561		8565		8567		8569		8569		
8571		8571		8573		8573		8575		8576		8576		8576		8576		8578		
8578		8578		8579		8579		8579		8579		8580		8580		8583		8585		
8587		8588		8590		8590		8591		8591		8593		8594		8595		8597		
8597		8598		8598		8601		8603		8604		8605		8605		8606		8609		
8609		8609		8611		8613		8615		8616		8617		8618		8618		8620		
8620		8621		8622		8622		8622		8622		8623		8625		8626		8626		
8626		8627		8628		8628		8628		8628		8628		8630		8631		8631		
8634		8638		8638		8638		8639		8640		8642		8642		8642		8643		
8644		8645		8646		8647		8650		8650		8651		8651		8652		8654		
8655		8655		8656		8656		8656		8656		8657		8657		8659		8660		
8660		8664		8665		8666		8666		8667		8667		8668		8668		8670		
8672		8673		8673		8673		8674		8674		8675		8675		8675		8677		
8677		8679		8681		8687		8689		8690		8691		8691		8692		8692		
8692		8692		8693		8693		8694		8695		8695		8697		8697		8698		
8698		8699		8700		8700		8700		8700		8703		8703		8704		8705		
8706		8707		8708		8709		8710		8710		8711		8711		8711		8714		
8715		8715		8716		8717		8718		8719		8720		8721		8721		8721		
8722		8722		8722		8723		8723		8726		8727		8727		8729		8730		
8731		8731		8735		8736		8739		8741		8741		8742		8743		8743		
8745		8746		8746		8748		8749		8749		8752		8752		8753		8753		
8754		8755		8756		8756		8757		8760		8760		8761		8764		8765		
8765		8766		8767		8767		8767		8767		8768		8770		8770		8773		
8777		8778		8778		8779		8779		8781		8781		8783		8783		8785		
8787		8789		8791		8791		8793		8796		8797		8798		8799		8800		
8801		8801		8802		8802		8803		8804		8805		8805		8805		8806		
8808		8812		8813		8813		8813		8813		8814		8814		8814		8815		
8816		8816		8818		8818		8818		8819		8820		8821		8822		8823		
8827		8828		8828		8829		8830		8830		8831		8832		8833		8834		
8836		8836		8838		8838		8839		8840		8841		8844		8845		8845		
8845		8845		8845		8846		8847		8850		8851		8852		8852		8852		
8853		8857		8861		8861		8865		8866		8866		8867		8867		8867		
8868		8870		8875		8875		8875		8876		8876		8877		8880		8882		
8884		8885		8886		8886		8887		8888		8888		8891		8894		8897		
8898		8898		8899		8900		8900		8901		8902		8902		8908		8912		
8914		8914		8915		8916		8918		8918		8918		8920		8921		8921		
8923		8923		8923		8925		8925		8926		8926		8927		8928		8928		
8928		8930		8932		8933		8933		8933		8933		8934		8935		8937		
8941		8943		8943		8944		8945		8946		8946		8948		8948		8950		
8951		8951		8951		8951		8952		8952		8952		8953		8955		8955		
8956		8956		8958		8960		8960		8961		8961		8962		8962		8962		
8963		8964		8964		8966		8968		8970		8970		8973		8976		8978		
8979		8980		8980		8982		8982		8982		8983		8984		8985		8988		
8989		8990		8992		8992		8994		8995		8995		8996		8997		8997		
8998		8999		9000		9002		9004		9005		9005		9005		9006		9007		
9009		9011		9013		9013		9014		9015		9019		9019		9020		9020		
9020		9020		9022		9023		9023		9024		9029		9030		9031		9031		
9031		9033		9034		9034		9034		9034		9035		9036		9036		9038		
9039		9040		9042		9043		9044		9045		9048		9050		9052		9054		
9054		9055		9055		9056		9056		9057		9060		9062		9064		9065		
9066		9066		9068		9068		9068		9071		9071		9073		9078		9078		
9079		9080		9083		9085		9087		9087		9088		9089		9089		9090		
9093		9093		9094		9094		9096		9096		9096		9097		9099		9099		
9100		9104		9110		9110		9111		9112		9113		9113		9113		9113		
9114		9115		9116		9117		9117		9118		9118		9119		9120		9120		
9122		9123		9123		9123		9124		9126		9127		9127		9127		9128		
9130		9131		9131		9131		9133		9133		9133		9133		9133		9134		
9134		9135		9136		9137		9137		9139		9139		9140		9141		9143		
9144		9144		9146		9146		9147		9148		9150		9151		9151		9153		
9154		9156		9157		9161		9161		9162		9163		9164		9168		9170		
9170		9171		9171		9171		9173		9173		9176		9178		9179		9180		
9180		9180		9181		9181		9181		9183		9184		9187		9187		9187		
9188		9190		9190		9190		9192		9192		9195		9196		9196		9199		
9201		9202		9202		9203		9205		9205		9206		9207		9208		9208		
9210		9210		9212		9215		9215		9216		9217		9218		9219		9220		
9220		9224		9225		9225		9227		9227		9228		9228		9229		9229		
9230		9230		9231		9232		9233		9234		9235		9238		9238		9239		
9240		9240		9240		9243		9243		9244		9244		9245		9246		9246		
9247		9247		9249		9249		9250		9252		9253		9254		9254		9254		
9255		9255		9255		9255		9256		9257		9259		9260		9260		9262		
9264		9264		9265		9266		9266		9266		9267		9267		9268		9268		
9268		9269		9269		9270		9270		9271		9271		9271		9272		9275		
9275		9275		9276		9277		9278		9279		9279		9280		9280		9281		
9282		9283		9283		9284		9284		9284		9286		9287		9287		9288		
9288		9289		9289		9290		9290		9291		9291		9293		9294		9294		
9296		9298		9299		9299		9299		9301		9302		9305		9305		9306		
9308		9309		9310		9310		9310		9311		9312		9313		9313		9317		
9319		9320		9323		9323		9325		9326		9326		9328		9328		9331		
9332		9333		9335		9335		9336		9336		9339		9341		9342		9344		
9345		9345		9348		9348		9348		9348		9354		9354		9355		9356		
9357		9359		9361		9362		9362		9363		9366		9367		9367		9367		
9369		9370		9371		9372		9372		9373		9373		9375		9375		9375		
9376		9377		9378		9378		9378		9379		9380		9381		9381		9382		
9383		9386		9387		9389		9390		9392		9393		9395		9396		9397		
9397		9397		9397		9398		9399		9399		9400		9401		9401		9402		
9403		9403		9405		9406		9406		9408		9408		9409		9411		9411		
9411		9413		9414		9416		9417		9418		9418		9418		9419		9421		
9422		9424		9424		9429		9430		9431		9433		9433		9434		9436		
9436		9439		9441		9442		9443		9443		9444		9445		9448		9452		
9452		9454		9454		9455		9456		9457		9458		9458		9459		9460		
9461		9461		9461		9463		9464		9464		9465		9465		9467		9467		
9471		9471		9471		9472		9473		9474		9475		9475		9475		9476		
9476		9477		9479		9481		9481		9486		9487		9489		9491		9492		
9494		9494		9495		9497		9498		9499		9500		9505		9506		9507		
9507		9508		9511		9511		9511		9511		9512		9512		9512		9513		
9513		9513		9514		9514		9514		9515		9515		9516		9516		9518		
9519		9519		9519		9521		9521		9524		9524		9524		9525		9526		
9526		9526		9527		9527		9530		9530		9530		9531		9532		9532		
9532		9533		9534		9536		9536		9539		9542		9542		9542		9544		
9544		9546		9546		9548		9549		9549		9551		9551		9552		9557		
9558		9560		9561		9564		9564		9565		9567		9568		9571		9571		
9571		9571		9572		9573		9573		9574		9577		9577		9579		9580		
9580		9580		9581		9582		9582		9582		9585		9585		9586		9587		
9588		9589		9590		9591		9591		9592		9592		9592		9592		9593		
9594		9595		9595		9598		9598		9599		9600		9601		9601		9602		
9602		9606		9607		9609		9610		9612		9612		9612		9613		9613		
9614		9615		9616		9617		9618		9619		9621		9621		9622		9627		
9627		9628		9628		9628		9630		9636		9636		9636		9638		9638		
9638		9639		9639		9642		9643		9643		9644		9644		9645		9645		
9645		9648		9650		9651		9653		9653		9655		9656		9657		9659		
9661		9662		9663		9669		9669		9671		9671		9671		9673		9679		
9680		9682		9682		9682		9683		9683		9683		9683		9688		9688		
9688		9689		9690		9694		9695		9696		9697		9697		9698		9698		
9701		9701		9703		9703		9703		9703		9706		9706		9707		9709		
9711		9712		9715		9718		9718		9719		9720		9724		9727		9728		
9729		9731		9732		9732		9733		9735		9735		9736		9736		9739		
9739		9739		9740		9740		9740		9744		9744		9748		9749		9751		
9753		9754		9755		9756		9758		9758		9758		9758		9758		9758		
9759		9760		9760		9761		9761		9762		9762		9762		9763		9764		
9765		9766		9766		9768		9769		9770		9771		9772		9774		9774		
9777		9778		9778		9778		9779		9779		9779		9783		9788		9789		
9789		9789		9790		9792		9792		9793		9795		9796		9797		9797		
9797		9798		9800		9801		9802		9803		9804		9805		9805		9805		
9806		9810		9811		9812		9813		9814		9818		9819		9820		9820		
9822		9828		9829		9829		9829		9830		9831		9832		9832		9832		
9833		9833		9834		9836		9837		9837		9837		9838		9838		9841		
9841		9843		9845		9845		9846		9846		9846		9848		9848		9849		
9849		9850		9852		9853		9855		9857		9857		9857		9857		9858		
9858		9862		9863		9863		9865		9865		9867		9868		9869		9873		
9873		9873		9874		9878		9879		9882		9883		9886		9886		9887		
9888		9889		9889		9891		9891		9893		9894		9895		9896		9897		
9897		9898		9898		9900		9900		9903		9904		9905		9905		9907		
9907		9907		9910		9914		9914		9915		9915		9915		9916		9917		
9917		9918		9918		9918		9919		9921		9921		9922		9922		9923		
9923		9924		9925		9926		9926		9926		9926		9926		9927		9929		
9929		9929		9930		9930		9931		9935		9935		9935		9938		9939		
9939		9941		9942		9942		9944		9946		9947		9948		9949		9950		
9950		9954		9955		9958		9960		9960		9961		9961		9961		9962		
9963		9967		9969		9971		9972		9973		9974		9974		9974		9976		
9977		9980		9980		9981		9984		9985		9985		9987		9987		9990		
9991		9992		9995		9995		9997		9999		9999		9999		9999		