1		2		7		8		10		10		11		11		12		12		
13		13		13		16		17		17		19		19		19		19		
19		20		20		20		20		22		23		23		24		25		
25		25		26		30		31		32		32		33		33		35		
36		36		37		37		40		40		41		41		42		42		
43		43		46		47		50		50		51		52		52		53		
53		54		54		54		56		56		57		57		58		59		
60		63		63		66		69		72		73		74		75		78		
78		79		79		80		80		82		82		83		83		84		
85		85		85		86		86		87		89		89		91		92		
93		94		94		94		96		99		99		99		99		100		
100		100		102		102		104		104		105		105		106		106		
106		110		110		111		113		113		114		114		115		115		
116		117		118		118		118		119		119		121		125		126		
127		128		128		129		129		129		130		130		131		131		
133		133		134		134		134		136		141		141		143		143		
145		148		148		149		149		150		150		150		151		151		
152		152		153		153		157		157		158		158		160		160		
160		160		161		161		161		161		163		163		164		164		
164		164		165		165		165		166		166		169		169		170		
170		171		172		172		172		172		172		173		175		175		
177		177		178		179		179		181		181		182		182		183		
184		184		185		186		189		189		189		190		191		191		
192		192		194		196		198		199		201		202		203		203		
203		204		205		206		206		208		208		209		212		212		
214		215		216		216		216		218		219		219		219		221		
222		223		223		224		224		225		225		225		225		226		
226		228		228		228		231		231		231		232		233		234		
234		236		236		237		237		238		238		238		240		241		
243		243		243		243		245		245		245		247		247		248		
248		252		253		253		253		255		257		258		258		258		
259		260		260		261		262		263		263		263		265		265		
265		266		266		268		270		270		271		272		274		276		
277		278		278		280		281		283		283		283		284		284		
285		285		285		286		286		286		287		287		287		288		
289		289		291		291		291		291		292		292		294		295		
295		295		295		297		302		304		304		311		312		314		
315		315		316		316		317		318		319		322		322		325		
326		327		327		328		328		328		329		330		330		330		
330		332		333		333		334		334		334		335		337		338		
339		340		341		341		341		343		344		344		344		345		
345		347		347		348		349		352		354		354		355		355		
355		355		356		357		357		358		359		360		360		360		
361		361		361		362		362		363		364		364		365		366		
366		367		368		371		373		374		374		374		375		375		
376		376		376		379		379		379		380		380		381		382		
382		383		384		385		386		386		386		387		389		389		
389		390		390		390		391		391		391		391		392		393		
394		394		395		395		395		396		397		397		398		398		
400		401		401		401		402		402		405		407		408		409		
410		410		411		411		411		413		413		413		415		415		
416		418		418		420		420		422		423		425		426		426		
427		427		427		427		428		430		430		430		430		431		
432		432		433		433		433		437		437		437		437		438		
440		441		441		441		442		443		444		445		445		445		
446		447		448		448		449		449		449		451		451		452		
453		453		453		454		456		456		456		456		457		457		
457		459		460		461		461		461		462		463		463		463		
464		465		466		467		467		468		468		468		469		470		
474		474		475		475		475		477		477		478		479		479		
479		480		480		480		480		480		481		482		483		483		
483		484		484		484		485		486		488		489		489		489		
489		490		490		490		494		496		496		498		500		501		
501		504		505		506		507		508		510		510		511		511		
513		514		514		517		517		518		519		520		520		521		
522		524		525		526		526		528		528		531		532		532		
534		538		538		540		541		542		542		543		543		543		
543		544		544		544		545		547		548		549		550		550		
554		554		554		554		555		556		557		558		561		562		
562		563		563		563		564		564		568		569		571		572		
572		573		577		577		579		580		580		582		585		585		
586		586		587		587		588		589		589		590		591		591		
592		593		593		594		595		597		597		599		599		599		
599		602		602		607		608		608		608		609		610		611		
613		614		615		615		615		616		617		619		619		621		
621		621		622		623		623		623		625		626		627		628		
628		628		629		630		631		631		632		632		633		634		
634		634		634		635		637		638		638		640		640		641		
644		645		646		647		649		649		649		649		650		650		
651		653		656		658		659		659		661		662		663		664		
665		665		665		666		666		666		668		668		669		671		
672		673		674		675		675		677		677		677		678		679		
680		680		681		681		681		682		682		683		683		684		
684		686		687		687		688		689		689		691		692		694		
695		695		697		698		700		700		701		704		707		709		
710		710		711		712		712		713		713		716		716		716		
717		718		719		719		719		720		720		722		723		724		
724		725		726		726		727		728		728		729		730		730		
732		733		733		733		734		734		736		738		739		740		
740		740		741		741		742		743		743		744		744		745		
746		746		748		748		748		750		752		752		754		754		
754		755		756		756		757		757		757		758		758		759		
760		760		761		761		761		763		763		764		765		765		
766		769		769		772		773		773		774		775		776		776		
777		777		778		779		779		781		781		783		784		785		
786		787		787		787		788		788		788		790		792		792		
793		794		796		797		798		799		800		802		802		804		
805		805		805		806		807		808		809		810		810		810		
813		813		813		814		815		816		819		820		820		820		
820		821		823		825		825		827		828		828		833		833		
834		835		836		838		839		839		840		840		841		841		
842		843		843		844		844		845		846		847		848		848		
849		850		852		853		853		854		854		854		857		858		
858		859		859		859		859		860		863		863		863		864		
867		867		868		869		869		870		870		870		870		871		
871		872		872		872		873		876		877		879		879		879		
880		881		881		882		882		883		884		886		886		888		
890		890		890		890		891		892		896		896		896		897		
898		899		900		902		902		904		905		905		906		906		
907		907		909		910		910		912		913		913		913		914		
915		916		917		919		920		920		921		924		924		924		
925		926		926		927		927		929		930		930		931		933		
933		933		934		934		934		935		936		936		936		937		
937		940		940		941		941		941		941		942		942		945		
945		946		948		948		949		950		951		952		952		956		
956		961		962		962		962		962		963		963		965		965		
965		966		966		967		967		967		968		968		969		969		
970		971		971		971		972		973		973		973		974		976		
977		979		979		980		980		981		982		983		984		984		
986		986		987		987		987		988		988		988		989		990		
990		993		994		994		994		996		997		997		998		999		
999		999		1000		1001		1003		1004		1005		1005		1006		1006		
1007		1007		1008		1008		1009		1011		1011		1012		1013		1013		
1014		1016		1017		1017		1017		1017		1017		1018		1018		1020		
1021		1021		1021		1021		1022		1022		1024		1026		1026		1027		
1027		1028		1028		1029		1030		1030		1031		1032		1032		1032		
1033		1034		1034		1036		1036		1036		1037		1039		1039		1039		
1040		1042		1043		1043		1044		1044		1046		1046		1046		1048		
1048		1050		1052		1052		1053		1053		1054		1055		1057		1058		
1059		1059		1061		1062		1064		1065		1066		1068		1070		1071		
1071		1072		1073		1073		1073		1073		1074		1074		1076		1076		
1076		1076		1076		1076		1077		1078		1078		1079		1081		1082		
1083		1084		1085		1085		1086		1088		1090		1091		1093		1097		
1098		1098		1099		1099		1099		1100		1100		1101		1102		1103		
1103		1104		1104		1104		1105		1106		1107		1107		1108		1110		
1110		1110		1110		1110		1110		1110		1111		1112		1112		1113		
1113		1113		1114		1115		1116		1118		1118		1119		1119		1119		
1119		1120		1121		1122		1123		1124		1124		1124		1126		1126		
1130		1130		1132		1132		1133		1133		1135		1135		1135		1138		
1138		1138		1139		1139		1139		1140		1141		1142		1143		1143		
1145		1145		1146		1147		1147		1147		1148		1150		1151		1153		
1153		1154		1154		1154		1154		1156		1157		1158		1159		1161		
1162		1162		1162		1163		1163		1165		1165		1166		1167		1167		
1169		1169		1170		1171		1172		1172		1173		1174		1175		1176		
1176		1176		1177		1177		1179		1180		1180		1182		1182		1184		
1185		1185		1187		1187		1188		1188		1189		1190		1190		1191		
1191		1192		1192		1192		1193		1194		1194		1194		1195		1196		
1196		1198		1199		1199		1200		1201		1201		1201		1202		1203		
1203		1203		1205		1206		1207		1207		1208		1208		1208		1209		
1209		1209		1210		1212		1212		1213		1213		1215		1215		1217		
1218		1218		1221		1222		1223		1224		1224		1224		1224		1225		
1227		1227		1228		1228		1229		1230		1230		1230		1234		1238		
1239		1239		1239		1239		1241		1241		1243		1244		1245		1245		
1246		1246		1247		1248		1248		1252		1253		1254		1254		1255		
1255		1257		1259		1261		1263		1264		1264		1266		1266		1267		
1267		1267		1268		1270		1270		1273		1274		1274		1275		1276		
1277		1278		1278		1279		1280		1281		1281		1283		1288		1288		
1289		1290		1291		1291		1292		1292		1293		1297		1298		1300		
1301		1301		1303		1303		1303		1304		1304		1304		1305		1306		
1307		1307		1307		1307		1309		1309		1310		1311		1311		1312		
1312		1312		1313		1313		1314		1314		1315		1315		1315		1315		
1316		1317		1317		1319		1319		1321		1322		1322		1323		1325		
1325		1326		1326		1326		1326		1326		1327		1328		1329		1331		
1333		1334		1335		1336		1337		1337		1337		1338		1338		1338		
1341		1342		1343		1345		1345		1345		1347		1347		1347		1349		
1349		1352		1353		1353		1353		1355		1356		1356		1358		1359		
1360		1360		1360		1362		1363		1366		1366		1366		1367		1367		
1367		1370		1371		1371		1372		1373		1373		1377		1377		1377		
1377		1379		1380		1381		1381		1381		1382		1383		1383		1383		
1383		1384		1384		1384		1384		1387		1387		1388		1391		1391		
1393		1393		1394		1398		1399		1401		1402		1402		1404		1406		
1406		1407		1407		1407		1408		1408		1408		1414		1415		1416		
1421		1421		1421		1422		1422		1423		1423		1424		1425		1426		
1427		1428		1428		1430		1431		1431		1432		1432		1433		1433		
1434		1434		1434		1435		1435		1436		1437		1437		1438		1439		
1440		1440		1441		1442		1442		1444		1445		1445		1446		1446		
1448		1448		1449		1450		1452		1453		1456		1457		1457		1458		
1458		1459		1459		1459		1460		1461		1461		1462		1462		1464		
1464		1464		1464		1465		1465		1465		1466		1467		1468		1469		
1469		1470		1471		1471		1473		1473		1474		1475		1475		1477		
1477		1478		1478		1479		1480		1482		1482		1483		1483		1483		
1483		1484		1484		1484		1484		1484		1485		1488		1489		1489		
1490		1490		1492		1493		1493		1494		1495		1496		1497		1498		
1500		1501		1505		1505		1505		1505		1506		1506		1506		1508		
1510		1511		1511		1512		1512		1513		1514		1515		1516		1516		
1516		1516		1517		1519		1520		1520		1521		1522		1522		1524		
1524		1524		1525		1526		1527		1527		1529		1529		1531		1533		
1533		1533		1533		1533		1535		1536		1537		1539		1539		1540		
1542		1543		1544		1544		1546		1546		1547		1548		1548		1549		
1551		1551		1552		1554		1556		1556		1557		1557		1558		1559		
1559		1561		1563		1565		1565		1568		1568		1569		1570		1572		
1572		1575		1576		1578		1579		1579		1580		1580		1581		1581		
1583		1584		1584		1584		1586		1587		1588		1589		1590		1590		
1591		1591		1591		1591		1593		1593		1593		1593		1594		1594		
1595		1597		1598		1599		1599		1603		1603		1604		1605		1606		
1606		1607		1608		1609		1610		1610		1610		1611		1611		1614		
1615		1615		1616		1616		1617		1619		1620		1620		1620		1621		
1621		1621		1621		1623		1624		1625		1625		1625		1626		1626		
1626		1627		1628		1628		1628		1629		1630		1631		1634		1634		
1634		1635		1635		1636		1638		1638		1640		1641		1641		1643		
1643		1645		1645		1646		1646		1646		1647		1648		1648		1651		
1652		1652		1652		1654		1656		1656		1656		1656		1660		1662		
1663		1666		1667		1667		1667		1668		1668		1668		1668		1668		
1670		1670		1671		1671		1671		1672		1672		1673		1673		1673		
1674		1675		1676		1676		1679		1681		1682		1683		1685		1686		
1686		1686		1686		1686		1687		1688		1689		1689		1689		1691		
1693		1693		1694		1695		1695		1696		1696		1697		1697		1697		
1698		1699		1702		1702		1703		1703		1705		1706		1707		1707		
1708		1708		1708		1709		1709		1710		1711		1711		1713		1714		
1714		1715		1715		1716		1716		1717		1717		1717		1718		1719		
1720		1720		1721		1721		1722		1726		1727		1727		1727		1731		
1731		1732		1734		1734		1736		1737		1737		1738		1738		1740		
1741		1744		1744		1744		1745		1747		1748		1750		1751		1752		
1752		1752		1753		1754		1755		1755		1755		1756		1756		1756		
1756		1757		1757		1758		1759		1759		1759		1759		1760		1762		
1762		1762		1764		1764		1765		1765		1767		1767		1768		1768		
1768		1772		1773		1776		1776		1777		1778		1778		1778		1780		
1780		1780		1780		1780		1781		1781		1782		1782		1782		1783		
1783		1784		1786		1787		1788		1788		1788		1789		1790		1790		
1791		1791		1791		1792		1793		1793		1793		1793		1794		1795		
1796		1797		1799		1801		1802		1802		1802		1806		1807		1807		
1807		1808		1809		1811		1811		1812		1813		1814		1814		1817		
1819		1819		1820		1820		1822		1824		1826		1827		1827		1829		
1830		1830		1830		1831		1832		1832		1832		1833		1835		1835		
1836		1836		1837		1837		1837		1837		1838		1838		1839		1841		
1842		1843		1843		1846		1846		1847		1850		1851		1851		1852		
1853		1853		1854		1855		1855		1855		1855		1857		1858		1859		
1859		1860		1860		1860		1861		1861		1862		1862		1865		1865		
1865		1866		1866		1866		1867		1868		1868		1868		1869		1869		
1870		1870		1870		1871		1871		1872		1872		1873		1875		1876		
1877		1879		1879		1879		1881		1881		1882		1884		1884		1885		
1887		1888		1888		1889		1891		1892		1895		1896		1896		1896		
1897		1899		1900		1902		1902		1903		1903		1904		1905		1905		
1905		1906		1908		1909		1912		1913		1918		1920		1921		1921		
1921		1925		1925		1927		1929		1930		1930		1930		1932		1932		
1935		1936		1936		1937		1937		1938		1938		1938		1938		1938		
1938		1941		1941		1942		1942		1943		1943		1943		1944		1946		
1947		1949		1949		1952		1952		1952		1953		1955		1957		1958		
1958		1958		1958		1959		1959		1959		1959		1961		1961		1962		
1962		1964		1964		1964		1967		1968		1968		1970		1972		1973		
1974		1975		1975		1975		1976		1977		1978		1978		1983		1986		
1986		1990		1990		1991		1991		1993		1993		1994		1994		1994		
1995		1995		1997		1997		1997		1998		1998		1998		1999		1999		
1999		1999		2000		2000		2001		2002		2002		2003		2004		2004		
2005		2005		2006		2007		2008		2008		2008		2008		2008		2009		
2009		2009		2010		2010		2011		2011		2012		2013		2013		2014		
2015		2016		2017		2018		2019		2019		2019		2021		2021		2026		
2026		2027		2029		2029		2032		2033		2033		2034		2034		2035		
2035		2036		2036		2036		2036		2037		2040		2040		2041		2043		
2046		2046		2046		2047		2048		2049		2049		2049		2049		2050		
2050		2051		2051		2052		2054		2054		2054		2054		2055		2056		
2056		2057		2057		2057		2057		2058		2058		2058		2060		2060		
2061		2062		2063		2064		2064		2065		2066		2066		2067		2068		
2068		2068		2068		2068		2069		2070		2071		2072		2072		2072		
2073		2073		2074		2075		2075		2075		2076		2079		2080		2080		
2080		2081		2081		2082		2083		2084		2084		2084		2085		2085		
2085		2085		2086		2089		2089		2089		2090		2091		2091		2092		
2094		2094		2094		2095		2097		2097		2097		2098		2098		2098		
2100		2100		2100		2101		2102		2104		2105		2106		2107		2107		
2108		2109		2109		2110		2110		2112		2114		2114		2115		2115		
2115		2116		2117		2117		2118		2118		2119		2120		2122		2122		
2124		2127		2129		2129		2130		2130		2131		2135		2135		2136		
2137		2137		2138		2138		2138		2138		2140		2140		2140		2141		
2141		2142		2142		2144		2144		2145		2145		2145		2148		2148		
2149		2149		2150		2152		2153		2154		2154		2154		2155		2156		
2157		2157		2158		2158		2158		2160		2160		2161		2163		2163		
2164		2164		2165		2165		2167		2168		2169		2169		2169		2170		
2170		2174		2175		2175		2179		2180		2181		2181		2181		2182		
2183		2184		2184		2185		2185		2186		2188		2189		2189		2189		
2190		2190		2190		2190		2190		2191		2191		2192		2192		2192		
2193		2193		2195		2197		2198		2199		2199		2200		2200		2202		
2202		2204		2204		2205		2205		2207		2207		2208		2209		2211		
2211		2212		2212		2212		2212		2212		2213		2214		2215		2216		
2217		2218		2219		2220		2220		2221		2221		2222		2223		2223		
2224		2224		2225		2226		2227		2227		2227		2228		2228		2229		
2229		2229		2230		2230		2231		2231		2232		2232		2232		2234		
2234		2235		2235		2238		2239		2240		2240		2240		2241		2242		
2242		2243		2243		2244		2244		2245		2246		2246		2246		2247		
2248		2248		2252		2253		2253		2254		2254		2255		2256		2257		
2257		2259		2259		2260		2262		2263		2264		2265		2265		2268		
2268		2269		2269		2269		2272		2272		2273		2273		2275		2275		
2276		2276		2276		2277		2278		2279		2279		2279		2279		2280		
2281		2283		2283		2285		2285		2286		2286		2287		2289		2289		
2289		2290		2291		2291		2292		2293		2294		2295		2295		2295		
2295		2295		2296		2297		2298		2298		2300		2300		2300		2301		
2301		2303		2303		2304		2304		2304		2305		2306		2306		2307		
2307		2308		2308		2308		2309		2310		2310		2311		2311		2312		
2313		2314		2314		2316		2317		2319		2319		2320		2323		2323		
2324		2326		2326		2326		2327		2327		2327		2328		2329		2330		
2330		2331		2333		2335		2336		2337		2338		2339		2339		2340		
2340		2341		2342		2342		2342		2342		2343		2343		2343		2344		
2344		2345		2348		2348		2349		2352		2352		2352		2353		2355		
2355		2356		2356		2358		2359		2360		2361		2364		2365		2367		
2368		2369		2370		2370		2373		2373		2374		2374		2374		2375		
2377		2377		2377		2377		2378		2379		2379		2380		2381		2382		
2383		2384		2384		2385		2385		2386		2388		2388		2389		2390		
2391		2391		2392		2394		2394		2395		2396		2398		2399		2399		
2400		2400		2401		2402		2403		2403		2404		2407		2407		2407		
2408		2408		2408		2410		2410		2412		2412		2413		2413		2413		
2413		2414		2414		2415		2415		2415		2416		2416		2416		2417		
2417		2418		2419		2419		2419		2419		2419		2419		2420		2421		
2422		2422		2423		2427		2427		2427		2429		2430		2430		2430		
2431		2433		2434		2437		2438		2438		2438		2438		2440		2440		
2440		2440		2442		2443		2443		2444		2445		2445		2447		2448		
2448		2449		2449		2449		2450		2452		2452		2453		2453		2454		
2454		2454		2454		2457		2458		2458		2459		2459		2463		2464		
2464		2465		2465		2465		2469		2470		2471		2471		2471		2472		
2474		2475		2476		2476		2476		2477		2477		2478		2479		2479		
2479		2480		2482		2483		2484		2485		2486		2488		2488		2489		
2489		2489		2490		2491		2494		2495		2496		2496		2496		2496		
2497		2497		2498		2498		2499		2501		2502		2502		2503		2503		
2504		2505		2505		2505		2506		2507		2508		2508		2509		2509		
2510		2511		2511		2511		2511		2511		2512		2512		2512		2513		
2514		2514		2515		2516		2517		2517		2517		2518		2519		2520		
2521		2522		2524		2527		2529		2530		2531		2531		2532		2533		
2533		2533		2533		2533		2534		2534		2535		2536		2537		2537		
2537		2539		2540		2540		2543		2544		2545		2546		2546		2546		
2549		2550		2551		2552		2552		2554		2555		2555		2556		2557		
2557		2557		2558		2558		2559		2559		2562		2562		2562		2563		
2564		2565		2565		2566		2566		2566		2567		2567		2570		2574		
2574		2575		2575		2577		2579		2580		2581		2582		2582		2582		
2582		2583		2584		2585		2586		2586		2587		2587		2588		2589		
2590		2590		2591		2591		2593		2593		2593		2594		2594		2594		
2594		2595		2595		2597		2598		2598		2599		2601		2601		2601		
2602		2603		2603		2604		2604		2606		2606		2609		2611		2611		
2613		2615		2615		2615		2615		2616		2617		2617		2618		2621		
2623		2625		2625		2625		2625		2626		2626		2626		2627		2628		
2628		2630		2633		2633		2634		2634		2634		2635		2636		2636		
2636		2636		2636		2637		2637		2638		2638		2641		2642		2642		
2643		2644		2644		2645		2649		2650		2652		2652		2654		2654		
2654		2655		2657		2658		2658		2658		2660		2660		2662		2662		
2663		2663		2663		2664		2664		2664		2665		2665		2665		2665		
2665		2665		2666		2668		2668		2669		2670		2671		2671		2672		
2674		2675		2677		2677		2678		2678		2679		2679		2680		2680		
2680		2681		2681		2682		2682		2683		2684		2684		2686		2688		
2690		2691		2692		2692		2693		2694		2694		2695		2696		2696		
2697		2698		2699		2699		2700		2701		2703		2705		2707		2707		
2708		2709		2709		2712		2712		2713		2713		2714		2715		2715		
2716		2717		2717		2717		2717		2718		2719		2720		2720		2722		
2724		2725		2725		2725		2725		2728		2728		2728		2728		2730		
2732		2733		2733		2733		2734		2735		2735		2737		2738		2738		
2738		2739		2739		2741		2741		2741		2742		2743		2744		2745		
2745		2745		2746		2746		2748		2751		2751		2751		2752		2752		
2753		2753		2754		2756		2756		2757		2758		2758		2759		2761		
2761		2763		2765		2766		2767		2768		2768		2768		2769		2770		
2772		2772		2772		2774		2777		2778		2778		2779		2780		2781		
2782		2784		2784		2786		2786		2787		2789		2789		2789		2794		
2798		2799		2800		2800		2801		2804		2806		2808		2814		2814		
2815		2816		2816		2816		2817		2819		2819		2821		2822		2823		
2823		2824		2825		2826		2827		2828		2829		2830		2832		2833		
2834		2834		2835		2835		2835		2836		2838		2838		2839		2839		
2841		2843		2844		2845		2845		2848		2851		2852		2852		2853		
2854		2855		2858		2859		2860		2862		2863		2863		2863		2863		
2864		2868		2870		2870		2870		2870		2870		2871		2872		2873		
2875		2876		2876		2878		2878		2882		2882		2885		2885		2885		
2886		2887		2887		2888		2888		2890		2891		2892		2892		2895		
2895		2899		2900		2903		2903		2904		2905		2905		2907		2909		
2910		2911		2912		2913		2914		2914		2914		2915		2916		2918		
2919		2919		2920		2921		2922		2923		2924		2925		2927		2928		
2929		2931		2931		2932		2932		2934		2935		2940		2941		2942		
2943		2943		2945		2946		2947		2949		2949		2952		2952		2958		
2963		2964		2964		2965		2967		2968		2969		2970		2971		2972		
2972		2973		2975		2978		2978		2979		2982		2982		2982		2984		
2988		2989		2989		2989		2989		2991		2992		2993		2995		2995		
2996		3000		3001		3003		3006		3007		3007		3007		3008		3009		
3011		3011		3013		3015		3016		3018		3018		3018		3019		3020		
3021		3022		3026		3027		3027		3030		3031		3032		3033		3035		
3036		3039		3039		3039		3040		3043		3043		3045		3046		3046		
3047		3047		3049		3050		3050		3051		3052		3054		3056		3056		
3058		3058		3058		3058		3058		3060		3062		3062		3062		3063		
3065		3065		3066		3067		3068		3069		3070		3071		3072		3074		
3075		3078		3078		3080		3081		3081		3082		3082		3083		3084		
3084		3088		3089		3094		3094		3099		3100		3101		3104		3105		
3105		3109		3109		3110		3113		3113		3114		3114		3114		3119		
3119		3119		3121		3122		3123		3124		3125		3126		3126		3126		
3128		3129		3130		3132		3133		3133		3137		3138		3140		3141		
3142		3142		3143		3143		3143		3144		3145		3146		3148		3150		
3150		3151		3154		3154		3157		3158		3158		3162		3164		3166		
3166		3166		3167		3168		3168		3169		3173		3173		3174		3174		
3175		3176		3177		3178		3179		3180		3181		3181		3184		3184		
3188		3189		3190		3190		3190		3193		3196		3199		3200		3201		
3202		3203		3203		3204		3204		3205		3205		3205		3205		3205		
3206		3206		3207		3209		3212		3213		3214		3214		3214		3215		
3216		3218		3218		3219		3219		3220		3221		3222		3223		3224		
3226		3226		3229		3237		3237		3237		3238		3239		3239		3240		
3242		3242		3244		3244		3245		3248		3249		3254		3254		3254		
3257		3258		3259		3261		3262		3263		3263		3264		3264		3266		
3266		3268		3270		3271		3271		3272		3272		3275		3277		3277		
3280		3280		3286		3287		3290		3290		3291		3291		3291		3293		
3295		3295		3295		3297		3300		3301		3301		3301		3303		3305		
3305		3308		3309		3311		3312		3312		3312		3316		3318		3318		
3319		3322		3325		3327		3328		3329		3330		3331		3333		3334		
3336		3337		3338		3339		3339		3341		3341		3341		3342		3342		
3343		3344		3345		3345		3347		3350		3351		3352		3359		3363		
3364		3364		3365		3366		3366		3370		3372		3373		3374		3375		
3377		3377		3378		3379		3380		3381		3383		3384		3385		3387		
3390		3390		3393		3394		3394		3397		3397		3400		3403		3404		
3406		3407		3407		3408		3408		3408		3410		3412		3413		3415		
3416		3416		3417		3417		3418		3422		3422		3424		3427		3427		
3427		3427		3428		3428		3429		3431		3432		3433		3435		3436		
3437		3438		3438		3438		3438		3438		3439		3439		3442		3443		
3444		3444		3445		3446		3447		3449		3450		3450		3452		3454		
3455		3455		3463		3465		3465		3468		3469		3472		3476		3477		
3478		3480		3485		3486		3487		3488		3489		3489		3491		3491		
3494		3495		3498		3499		3500		3502		3502		3502		3504		3504		
3506		3506		3507		3507		3508		3509		3512		3514		3515		3516		
3517		3519		3519		3520		3523		3524		3526		3528		3528		3529		
3530		3531		3532		3533		3534		3534		3534		3534		3536		3538		
3542		3542		3543		3543		3544		3544		3545		3546		3546		3548		
3548		3549		3550		3553		3553		3554		3556		3558		3560		3560		
3560		3562		3566		3568		3569		3570		3570		3572		3575		3575		
3576		3577		3577		3578		3578		3578		3581		3583		3583		3584		
3588		3588		3588		3590		3592		3593		3593		3596		3603		3604		
3606		3607		3607		3607		3608		3608		3610		3610		3610		3611		
3612		3613		3613		3614		3615		3615		3616		3617		3618		3620		
3623		3625		3628		3630		3630		3631		3632		3632		3633		3634		
3634		3634		3637		3638		3639		3640		3641		3641		3644		3645		
3646		3646		3649		3652		3652		3653		3654		3657		3660		3661		
3662		3663		3664		3666		3669		3672		3673		3675		3676		3676		
3677		3678		3680		3680		3681		3681		3681		3683		3684		3686		
3686		3686		3688		3689		3690		3691		3691		3691		3692		3693		
3693		3693		3697		3698		3699		3699		3700		3700		3700		3701		
3701		3701		3704		3705		3705		3705		3705		3707		3707		3708		
3709		3710		3711		3712		3713		3714		3715		3716		3717		3719		
3720		3720		3721		3722		3722		3724		3724		3724		3726		3727		
3729		3731		3731		3731		3732		3732		3733		3733		3733		3734		
3735		3737		3739		3740		3742		3743		3746		3746		3747		3747		
3749		3751		3751		3753		3754		3757		3758		3760		3760		3763		
3763		3763		3764		3766		3767		3768		3768		3768		3769		3770		
3771		3772		3775		3776		3776		3777		3778		3779		3781		3781		
3782		3782		3782		3785		3786		3786		3787		3788		3793		3793		
3795		3796		3798		3798		3798		3798		3801		3802		3802		3802		
3802		3803		3803		3804		3804		3805		3806		3808		3809		3809		
3811		3813		3813		3814		3814		3814		3815		3818		3820		3821		
3821		3822		3822		3822		3824		3824		3824		3825		3826		3827		
3829		3831		3832		3833		3835		3837		3841		3841		3842		3844		
3847		3848		3849		3849		3850		3851		3852		3853		3859		3860		
3862		3862		3862		3862		3862		3863		3863		3864		3864		3865		
3866		3866		3869		3869		3871		3873		3875		3876		3877		3879		
3880		3880		3880		3880		3881		3882		3884		3886		3886		3889		
3889		3889		3893		3893		3893		3894		3895		3897		3899		3901		
3904		3905		3908		3908		3909		3911		3911		3911		3912		3912		
3914		3915		3915		3916		3917		3918		3918		3919		3919		3920		
3920		3920		3924		3925		3925		3927		3929		3929		3930		3930		
3930		3931		3932		3932		3933		3934		3936		3936		3936		3937		
3937		3938		3938		3938		3938		3940		3941		3943		3943		3947		
3951		3951		3952		3953		3953		3954		3955		3955		3957		3957		
3957		3958		3959		3961		3961		3963		3965		3966		3966		3969		
3969		3969		3970		3972		3973		3974		3974		3974		3977		3978		
3979		3982		3984		3984		3985		3988		3989		3996		3998		3998		
3999		3999		4000		4000		4000		4000		4001		4001		4001		4001		
4002		4002		4003		4003		4004		4005		4006		4006		4006		4007		
4007		4010		4011		4015		4017		4017		4017		4018		4019		4020		
4021		4023		4027		4027		4029		4030		4031		4037		4037		4037		
4038		4038		4039		4039		4039		4040		4041		4043		4043		4044		
4044		4044		4046		4046		4047		4049		4052		4053		4053		4056		
4056		4061		4062		4063		4064		4064		4065		4065		4065		4065		
4067		4067		4068		4068		4069		4072		4073		4074		4076		4076		
4078		4079		4079		4080		4082		4084		4085		4088		4088		4090		
4091		4092		4094		4094		4095		4095		4097		4100		4102		4103		
4104		4105		4106		4107		4108		4109		4109		4110		4110		4110		
4111		4116		4117		4117		4118		4118		4118		4121		4122		4122		
4122		4123		4126		4126		4127		4129		4130		4130		4131		4132		
4133		4133		4135		4136		4138		4141		4142		4144		4145		4145		
4146		4146		4148		4149		4150		4152		4154		4155		4155		4158		
4160		4162		4162		4162		4163		4164		4167		4168		4170		4170		
4171		4171		4173		4173		4174		4174		4175		4177		4180		4180		
4180		4181		4181		4183		4186		4187		4188		4189		4190		4192		
4192		4196		4198		4198		4198		4199		4199		4200		4200		4202		
4203		4204		4204		4204		4205		4206		4206		4207		4207		4207		
4209		4209		4212		4212		4213		4214		4214		4214		4217		4217		
4218		4218		4218		4219		4220		4220		4220		4221		4221		4222		
4222		4222		4222		4224		4225		4226		4228		4233		4233		4233		
4233		4234		4234		4235		4237		4238		4238		4238		4239		4240		
4240		4242		4245		4246		4246		4247		4247		4248		4249		4249		
4250		4251		4253		4255		4255		4255		4259		4262		4264		4264		
4267		4267		4269		4271		4272		4273		4275		4275		4276		4276		
4277		4278		4279		4279		4280		4281		4281		4281		4281		4282		
4283		4283		4286		4287		4287		4289		4291		4293		4295		4299		
4299		4300		4300		4303		4305		4306		4306		4309		4309		4310		
4311		4312		4312		4313		4313		4314		4315		4315		4319		4321		
4323		4323		4324		4327		4327		4327		4328		4328		4331		4331		
4332		4332		4332		4333		4334		4337		4337		4338		4339		4339		
4344		4345		4345		4345		4346		4346		4348		4349		4350		4350		
4356		4358		4358		4360		4362		4363		4363		4364		4364		4366		
4370		4372		4373		4373		4374		4374		4375		4378		4379		4380		
4380		4383		4384		4384		4385		4387		4388		4389		4389		4389		
4391		4395		4396		4396		4396		4399		4401		4401		4403		4408		
4409		4411		4411		4412		4416		4416		4417		4421		4421		4422		
4423		4425		4427		4427		4427		4427		4430		4431		4432		4433		
4439		4440		4440		4441		4441		4444		4445		4445		4446		4446		
4450		4450		4451		4452		4453		4454		4454		4457		4462		4462		
4466		4466		4469		4469		4470		4471		4473		4476		4478		4479		
4481		4481		4483		4484		4487		4488		4489		4489		4490		4491		
4492		4493		4495		4496		4496		4496		4497		4498		4498		4499		
4500		4500		4501		4508		4511		4512		4512		4513		4514		4515		
4518		4518		4519		4520		4521		4523		4524		4525		4525		4525		
4529		4530		4531		4533		4537		4537		4538		4539		4539		4540		
4541		4542		4542		4543		4544		4544		4545		4545		4545		4547		
4548		4550		4550		4551		4551		4553		4554		4559		4562		4562		
4563		4563		4563		4565		4567		4568		4569		4569		4570		4571		
4572		4572		4575		4575		4578		4578		4579		4579		4581		4581		
4582		4582		4583		4584		4584		4585		4585		4586		4586		4588		
4589		4590		4590		4591		4592		4592		4596		4599		4600		4600		
4603		4604		4606		4607		4611		4612		4614		4616		4616		4617		
4620		4621		4624		4624		4625		4627		4630		4633		4634		4636		
4639		4639		4639		4640		4647		4649		4650		4650		4651		4651		
4653		4654		4654		4655		4656		4656		4660		4660		4662		4662		
4663		4663		4666		4667		4667		4669		4672		4672		4673		4673		
4675		4676		4677		4677		4678		4679		4680		4680		4681		4681		
4681		4682		4684		4685		4685		4686		4686		4687		4687		4687		
4688		4688		4690		4691		4691		4691		4694		4695		4696		4700		
4700		4701		4702		4702		4703		4704		4705		4706		4708		4708		
4709		4713		4713		4715		4716		4720		4721		4722		4722		4724		
4727		4727		4727		4727		4730		4730		4734		4735		4735		4737		
4738		4738		4739		4739		4740		4741		4743		4743		4744		4745		
4747		4747		4748		4749		4749		4750		4752		4753		4754		4756		
4758		4759		4759		4759		4760		4762		4763		4764		4764		4765		
4765		4766		4767		4767		4768		4772		4772		4773		4774		4774		
4774		4775		4777		4778		4781		4781		4781		4782		4782		4783		
4789		4789		4789		4790		4790		4791		4793		4794		4794		4795		
4796		4801		4801		4802		4803		4804		4807		4807		4808		4808		
4809		4809		4811		4811		4811		4812		4812		4813		4813		4816		
4816		4817		4817		4820		4824		4824		4825		4825		4827		4828		
4829		4829		4830		4830		4831		4832		4834		4834		4835		4835		
4837		4837		4837		4838		4840		4842		4843		4845		4845		4846		
4847		4849		4850		4850		4853		4854		4856		4857		4858		4859		
4859		4859		4859		4860		4862		4863		4863		4863		4865		4866		
4869		4870		4870		4871		4871		4873		4873		4874		4876		4877		
4878		4882		4883		4883		4883		4884		4886		4888		4889		4889		
4890		4893		4893		4896		4896		4899		4900		4901		4901		4901		
4902		4902		4904		4905		4906		4908		4908		4910		4913		4913		
4915		4915		4916		4916		4916		4916		4917		4920		4924		4924		
4925		4927		4928		4931		4931		4932		4933		4935		4936		4936		
4937		4938		4939		4949		4950		4952		4954		4954		4955		4955		
4956		4957		4958		4961		4962		4962		4962		4964		4964		4965		
4966		4967		4967		4967		4967		4968		4968		4968		4969		4970		
4970		4970		4971		4971		4972		4972		4973		4973		4974		4975		
4977		4978		4978		4979		4979		4981		4981		4982		4984		4986		
4988		4988		4989		4990		4991		4994		4996		4996		5000		5000		
5001		5001		5001		5005		5006		5006		5010		5011		5014		5014		
5015		5016		5020		5021		5021		5022		5024		5024		5024		5025		
5026		5026		5027		5028		5028		5029		5029		5030		5032		5032		
5032		5032		5033		5033		5035		5038		5040		5041		5042		5043		
5043		5043		5044		5047		5047		5049		5051		5054		5055		5061		
5061		5063		5064		5065		5065		5067		5068		5069		5069		5070		
5071		5073		5073		5073		5074		5076		5077		5077		5078		5078		
5079		5080		5080		5080		5081		5083		5085		5087		5090		5091		
5093		5095		5097		5100		5100		5104		5105		5108		5109		5112		
5112		5114		5114		5115		5115		5115		5117		5118		5121		5121		
5123		5124		5124		5125		5126		5128		5129		5130		5134		5137		
5138		5139		5140		5140		5141		5142		5145		5147		5149		5150		
5150		5150		5153		5154		5155		5155		5156		5158		5161		5162		
5164		5165		5167		5168		5169		5170		5171		5173		5174		5174		
5175		5175		5177		5178		5178		5180		5180		5182		5182		5183		
5184		5185		5185		5187		5192		5192		5193		5193		5193		5195		
5195		5195		5195		5195		5195		5196		5196		5198		5198		5198		
5203		5205		5206		5207		5209		5210		5211		5211		5212		5212		
5212		5212		5214		5215		5217		5218		5218		5218		5219		5219		
5220		5222		5223		5226		5226		5227		5228		5228		5232		5233		
5234		5235		5236		5236		5237		5237		5238		5240		5242		5243		
5244		5245		5247		5250		5250		5250		5251		5252		5253		5255		
5260		5261		5263		5264		5265		5266		5268		5269		5273		5273		
5276		5279		5280		5281		5282		5282		5283		5285		5286		5287		
5288		5289		5289		5289		5290		5290		5292		5295		5296		5298		
5300		5302		5302		5305		5306		5306		5307		5307		5308		5310		
5311		5315		5316		5318		5319		5320		5321		5321		5322		5323		
5325		5325		5326		5326		5328		5328		5328		5328		5329		5330		
5330		5330		5332		5334		5335		5335		5336		5337		5340		5341		
5342		5342		5342		5343		5343		5346		5346		5346		5349		5349		
5350		5350		5350		5350		5351		5351		5356		5362		5363		5366		
5370		5372		5372		5372		5373		5374		5376		5377		5377		5378		
5382		5382		5384		5385		5388		5388		5388		5389		5389		5389		
5390		5391		5392		5393		5393		5393		5394		5395		5395		5397		
5397		5398		5399		5401		5402		5404		5404		5404		5406		5408		
5408		5409		5410		5414		5416		5418		5420		5420		5420		5421		
5421		5422		5423		5424		5424		5424		5424		5430		5430		5430		
5430		5431		5431		5432		5432		5433		5434		5435		5436		5437		
5439		5440		5441		5443		5445		5446		5446		5446		5447		5448		
5448		5449		5449		5450		5452		5452		5454		5454		5457		5457		
5457		5460		5461		5462		5462		5464		5466		5467		5469		5470		
5470		5471		5472		5474		5475		5475		5475		5476		5478		5478		
5480		5482		5482		5483		5484		5484		5484		5485		5485		5487		
5487		5488		5489		5490		5493		5494		5496		5496		5496		5497		
5497		5498		5499		5499		5503		5506		5508		5508		5509		5509		
5509		5510		5513		5516		5517		5518		5519		5521		5522		5522		
5523		5525		5525		5525		5526		5527		5528		5528		5529		5532		
5533		5535		5537		5538		5541		5542		5543		5544		5544		5544		
5544		5544		5545		5545		5546		5551		5551		5555		5557		5557		
5557		5558		5559		5559		5562		5564		5565		5566		5566		5567		
5568		5569		5571		5571		5572		5573		5573		5573		5573		5574		
5574		5575		5577		5577		5577		5579		5580		5580		5584		5584		
5585		5585		5586		5587		5587		5588		5588		5589		5590		5590		
5590		5590		5591		5594		5597		5598		5599		5600		5600		5601		
5601		5602		5603		5603		5603		5604		5605		5607		5608		5608		
5610		5610		5612		5612		5613		5613		5617		5617		5617		5618		
5619		5622		5625		5625		5626		5626		5627		5628		5630		5631		
5633		5634		5638		5639		5641		5641		5642		5643		5643		5644		
5645		5645		5646		5647		5647		5648		5649		5649		5652		5653		
5653		5655		5656		5657		5659		5659		5659		5660		5662		5662		
5663		5663		5664		5665		5665		5666		5668		5668		5670		5671		
5676		5676		5676		5679		5681		5682		5683		5683		5684		5684		
5684		5685		5685		5685		5688		5693		5693		5693		5694		5696		
5698		5699		5702		5703		5704		5705		5706		5706		5708		5708		
5709		5709		5709		5710		5710		5711		5712		5713		5715		5716		
5717		5718		5720		5721		5723		5726		5727		5729		5729		5729		
5730		5731		5731		5732		5734		5735		5736		5737		5738		5739		
5739		5741		5741		5745		5746		5747		5752		5752		5754		5755		
5755		5756		5756		5759		5759		5759		5760		5761		5762		5762		
5763		5765		5767		5768		5770		5770		5771		5771		5774		5774		
5777		5777		5778		5782		5783		5783		5784		5786		5787		5787		
5788		5788		5788		5789		5789		5790		5792		5796		5798		5798		
5799		5800		5802		5803		5803		5809		5810		5811		5811		5813		
5814		5814		5815		5816		5817		5817		5818		5818		5819		5823		
5825		5826		5829		5829		5830		5832		5832		5835		5836		5837		
5839		5840		5841		5842		5843		5844		5844		5844		5844		5846		
5847		5848		5849		5850		5850		5852		5853		5853		5854		5855		
5855		5857		5858		5858		5859		5861		5862		5864		5864		5865		
5866		5867		5867		5869		5870		5870		5870		5871		5876		5877		
5878		5878		5881		5882		5882		5882		5883		5885		5886		5887		
5888		5890		5892		5895		5896		5896		5896		5896		5897		5898		
5900		5900		5901		5901		5902		5902		5903		5903		5903		5904		
5904		5904		5905		5905		5906		5908		5911		5911		5912		5912		
5912		5912		5913		5914		5915		5917		5918		5918		5919		5919		
5919		5919		5921		5921		5923		5923		5923		5923		5924		5927		
5927		5928		5929		5936		5937		5941		5942		5948		5948		5948		
5950		5951		5951		5952		5952		5953		5953		5953		5954		5954		
5954		5957		5957		5962		5963		5964		5965		5965		5965		5966		
5966		5966		5968		5969		5969		5970		5971		5972		5972		5974		
5974		5975		5978		5982		5985		5985		5985		5986		5986		5987		
5989		5992		5992		5994		5995		5997		6003		6004		6004		6004		
6005		6006		6006		6009		6011		6013		6016		6017		6017		6021		
6024		6025		6027		6028		6030		6030		6031		6034		6034		6035		
6035		6036		6038		6038		6040		6040		6041		6042		6043		6047		
6047		6052		6053		6057		6057		6060		6061		6061		6064		6065		
6066		6066		6067		6067		6068		6070		6072		6073		6073		6074		
6076		6078		6078		6084		6084		6086		6087		6089		6090		6090		
6090		6092		6092		6092		6094		6094		6095		6095		6096		6097		
6097		6098		6101		6101		6101		6109		6111		6112		6113		6114		
6117		6117		6118		6119		6119		6119		6121		6123		6124		6128		
6129		6130		6130		6131		6132		6134		6136		6136		6137		6137		
6139		6141		6142		6142		6142		6143		6143		6145		6146		6149		
6149		6150		6151		6153		6154		6154		6155		6157		6160		6162		
6162		6162		6165		6166		6166		6166		6168		6170		6170		6170		
6171		6171		6171		6172		6172		6173		6174		6175		6175		6176		
6178		6178		6179		6179		6180		6180		6181		6181		6183		6183		
6183		6184		6185		6186		6190		6190		6191		6192		6194		6196		
6197		6197		6198		6198		6201		6201		6201		6202		6202		6203		
6203		6205		6206		6207		6208		6210		6210		6210		6211		6213		
6214		6216		6216		6217		6217		6219		6219		6219		6220		6222		
6222		6224		6225		6225		6228		6228		6228		6228		6229		6229		
6229		6231		6232		6233		6234		6234		6235		6235		6236		6237		
6237		6238		6238		6240		6242		6244		6245		6245		6245		6247		
6248		6251		6251		6251		6251		6252		6253		6253		6254		6254		
6255		6256		6258		6258		6258		6258		6261		6261		6263		6265		
6270		6272		6272		6273		6274		6276		6278		6278		6279		6280		
6282		6282		6283		6284		6287		6287		6287		6287		6287		6288		
6290		6290		6290		6291		6292		6292		6295		6295		6296		6298		
6298		6302		6302		6305		6307		6307		6310		6311		6312		6312		
6313		6314		6315		6316		6317		6317		6319		6326		6327		6328		
6330		6332		6333		6334		6336		6340		6340		6341		6342		6342		
6345		6345		6347		6349		6350		6350		6353		6353		6354		6357		
6357		6358		6358		6361		6362		6362		6365		6365		6366		6369		
6370		6370		6371		6371		6372		6372		6372		6376		6376		6377		
6378		6378		6379		6380		6381		6383		6383		6384		6385		6386		
6388		6388		6389		6390		6391		6391		6394		6394		6395		6395		
6397		6397		6398		6399		6401		6402		6405		6408		6408		6410		
6413		6413		6414		6416		6419		6419		6422		6423		6424		6424		
6425		6425		6426		6426		6426		6427		6427		6430		6432		6434		
6435		6437		6439		6440		6442		6443		6443		6444		6445		6448		
6451		6451		6452		6452		6452		6454		6458		6460		6461		6461		
6462		6462		6462		6464		6464		6466		6467		6468		6470		6470		
6471		6471		6471		6471		6471		6471		6472		6472		6473		6474		
6478		6479		6483		6484		6485		6487		6488		6489		6490		6490		
6491		6492		6492		6493		6494		6494		6495		6495		6497		6497		
6497		6498		6499		6500		6501		6502		6503		6504		6505		6505		
6506		6507		6508		6508		6510		6512		6515		6515		6522		6524		
6524		6525		6528		6530		6530		6531		6531		6533		6534		6534		
6535		6540		6541		6541		6542		6542		6543		6543		6544		6545		
6545		6548		6549		6550		6550		6551		6551		6551		6551		6552		
6553		6554		6554		6555		6555		6558		6558		6559		6560		6561		
6562		6563		6563		6564		6565		6565		6569		6571		6572		6572		
6572		6573		6574		6574		6575		6575		6579		6579		6580		6586		
6586		6586		6587		6587		6588		6589		6589		6590		6592		6593		
6595		6598		6599		6603		6604		6604		6605		6606		6606		6609		
6611		6611		6611		6612		6613		6613		6613		6613		6614		6614		
6614		6614		6616		6619		6620		6620		6622		6623		6624		6625		
6625		6625		6626		6626		6627		6627		6629		6630		6630		6632		
6632		6633		6634		6635		6637		6637		6637		6639		6640		6640		
6640		6641		6641		6641		6643		6643		6643		6647		6647		6649		
6650		6651		6652		6652		6653		6653		6653		6654		6655		6655		
6655		6657		6657		6658		6659		6660		6661		6661		6662		6665		
6669		6670		6673		6674		6674		6675		6677		6678		6679		6682		
6682		6683		6684		6685		6685		6686		6686		6687		6688		6688		
6688		6689		6690		6691		6692		6692		6692		6694		6695		6697		
6700		6700		6701		6701		6701		6703		6704		6705		6708		6708		
6709		6709		6710		6711		6713		6714		6714		6714		6714		6715		
6716		6717		6717		6718		6721		6724		6725		6725		6726		6729		
6730		6731		6732		6734		6734		6734		6735		6737		6737		6737		
6738		6738		6738		6739		6742		6743		6743		6744		6744		6745		
6747		6747		6748		6751		6751		6753		6754		6755		6755		6757		
6758		6759		6761		6763		6763		6765		6765		6765		6766		6768		
6771		6772		6773		6774		6774		6774		6775		6775		6776		6778		
6779		6782		6785		6786		6789		6789		6792		6794		6794		6794		
6796		6796		6799		6799		6800		6803		6804		6804		6804		6805		
6807		6808		6808		6810		6810		6812		6814		6815		6816		6816		
6816		6818		6819		6820		6821		6822		6822		6823		6824		6825		
6825		6825		6825		6825		6827		6828		6828		6828		6829		6829		
6830		6831		6831		6831		6835		6838		6839		6839		6840		6841		
6841		6843		6845		6845		6846		6846		6848		6848		6849		6849		
6849		6849		6850		6853		6854		6856		6858		6859		6859		6861		
6862		6862		6864		6864		6865		6865		6867		6867		6869		6869		
6870		6870		6871		6871		6871		6872		6873		6875		6875		6877		
6879		6880		6881		6884		6885		6885		6886		6886		6887		6890		
6890		6892		6894		6895		6895		6898		6900		6902		6902		6904		
6905		6907		6909		6912		6913		6916		6917		6917		6917		6920		
6921		6922		6923		6924		6924		6925		6926		6928		6934		6936		
6936		6937		6937		6938		6940		6940		6941		6941		6942		6943		
6944		6944		6945		6946		6947		6947		6947		6948		6950		6951		
6952		6953		6955		6955		6957		6959		6959		6960		6961		6962		
6962		6962		6962		6963		6963		6964		6966		6967		6967		6968		
6969		6970		6971		6971		6978		6978		6978		6980		6981		6982		
6983		6984		6985		6987		6987		6991		6991		6992		6992		6993		
6993		6994		6996		6998		6999		6999		7001		7001		7003		7004		
7005		7005		7007		7010		7010		7011		7014		7016		7019		7020		
7021		7021		7021		7026		7026		7028		7029		7030		7032		7032		
7034		7034		7035		7037		7039		7040		7040		7042		7044		7044		
7044		7045		7045		7048		7048		7049		7049		7049		7052		7052		
7053		7055		7056		7056		7057		7058		7059		7063		7067		7070		
7071		7073		7073		7074		7074		7074		7074		7076		7078		7081		
7082		7083		7085		7086		7088		7088		7088		7088		7092		7093		
7097		7099		7100		7100		7106		7109		7110		7110		7110		7113		
7117		7117		7117		7118		7118		7120		7120		7121		7121		7121		
7123		7124		7125		7125		7126		7129		7129		7131		7131		7133		
7135		7137		7137		7141		7144		7147		7147		7149		7151		7151		
7154		7155		7157		7160		7161		7162		7162		7162		7162		7165		
7166		7167		7167		7168		7168		7170		7170		7171		7173		7174		
7174		7174		7175		7175		7176		7178		7180		7181		7183		7184		
7184		7184		7185		7186		7186		7186		7187		7188		7188		7188		
7188		7188		7189		7191		7191		7194		7195		7197		7201		7202		
7202		7202		7202		7203		7203		7204		7204		7204		7205		7206		
7206		7210		7210		7211		7214		7215		7215		7217		7217		7217		
7218		7218		7219		7219		7219		7220		7220		7220		7224		7226		
7227		7227		7228		7229		7229		7229		7230		7232		7232		7233		
7233		7235		7236		7236		7237		7240		7240		7242		7242		7243		
7244		7245		7246		7247		7247		7248		7251		7252		7253		7255		
7257		7258		7259		7260		7262		7262		7267		7268		7268		7268		
7268		7270		7271		7274		7274		7275		7277		7277		7280		7282		
7283		7285		7285		7286		7291		7294		7296		7299		7300		7300		
7302		7302		7303		7311		7313		7316		7317		7321		7324		7326		
7326		7331		7331		7335		7336		7336		7339		7341		7343		7344		
7348		7350		7350		7351		7352		7352		7354		7354		7354		7355		
7356		7357		7360		7360		7362		7362		7363		7364		7365		7365		
7366		7367		7367		7368		7370		7371		7371		7371		7371		7373		
7374		7375		7376		7378		7378		7378		7379		7379		7380		7381		
7382		7383		7383		7385		7386		7388		7388		7388		7388		7390		
7390		7390		7391		7392		7393		7396		7396		7397		7398		7398		
7399		7399		7400		7401		7401		7402		7404		7405		7406		7407		
7409		7411		7411		7413		7413		7413		7414		7415		7416		7419		
7420		7421		7421		7421		7421		7422		7422		7423		7423		7428		
7428		7429		7429		7430		7430		7431		7434		7437		7438		7438		
7439		7440		7440		7443		7444		7445		7446		7447		7447		7447		
7448		7448		7450		7450		7450		7451		7451		7453		7453		7453		
7454		7455		7456		7458		7459		7459		7459		7461		7461		7462		
7464		7466		7468		7470		7474		7477		7478		7479		7479		7481		
7481		7481		7482		7483		7484		7485		7486		7488		7490		7495		
7495		7497		7498		7500		7501		7501		7501		7503		7505		7509		
7509		7510		7510		7512		7513		7513		7515		7520		7521		7527		
7529		7529		7530		7531		7532		7532		7532		7533		7534		7535		
7536		7536		7538		7538		7539		7539		7540		7541		7541		7544		
7546		7547		7547		7547		7549		7549		7549		7550		7551		7552		
7554		7555		7555		7555		7558		7558		7559		7559		7560		7560		
7560		7561		7561		7562		7567		7567		7569		7570		7570		7573		
7576		7576		7579		7580		7580		7580		7580		7581		7581		7582		
7584		7587		7589		7590		7590		7591		7591		7592		7592		7593		
7595		7596		7596		7596		7597		7597		7602		7606		7608		7611		
7611		7612		7612		7616		7617		7620		7622		7622		7623		7624		
7627		7627		7627		7628		7629		7631		7633		7634		7637		7640		
7641		7641		7644		7644		7647		7648		7649		7649		7653		7653		
7654		7656		7657		7661		7661		7662		7663		7665		7668		7672		
7673		7673		7673		7675		7675		7676		7676		7678		7678		7680		
7681		7683		7685		7685		7685		7687		7689		7690		7690		7692		
7693		7694		7694		7696		7698		7699		7699		7700		7700		7701		
7701		7703		7703		7704		7707		7707		7708		7709		7710		7710		
7711		7713		7713		7720		7723		7725		7726		7732		7733		7734		
7737		7739		7741		7746		7747		7748		7749		7752		7753		7754		
7754		7755		7757		7763		7764		7765		7765		7767		7769		7769		
7771		7771		7771		7772		7772		7772		7772		7775		7776		7776		
7778		7779		7779		7780		7781		7784		7785		7785		7786		7786		
7787		7787		7789		7789		7789		7790		7790		7792		7792		7793		
7794		7795		7799		7801		7801		7802		7803		7804		7804		7805		
7808		7809		7810		7813		7813		7814		7815		7815		7816		7817		
7817		7817		7818		7821		7821		7822		7822		7822		7825		7825		
7826		7827		7828		7829		7829		7829		7830		7831		7832		7832		
7838		7839		7840		7841		7842		7842		7845		7846		7847		7849		
7849		7850		7850		7853		7855		7855		7856		7858		7860		7861		
7862		7863		7863		7865		7866		7867		7868		7868		7870		7870		
7871		7872		7874		7874		7875		7877		7877		7881		7881		7885		
7886		7886		7887		7888		7889		7890		7890		7890		7894		7894		
7895		7895		7895		7896		7897		7897		7897		7898		7899		7899		
7901		7901		7902		7905		7905		7905		7906		7908		7908		7909		
7909		7910		7910		7910		7912		7913		7915		7915		7916		7917		
7917		7917		7918		7919		7919		7921		7921		7922		7922		7926		
7926		7927		7927		7928		7930		7931		7936		7936		7936		7936		
7936		7937		7940		7943		7945		7945		7945		7946		7946		7947		
7947		7949		7949		7950		7951		7951		7951		7952		7953		7953		
7954		7955		7955		7955		7956		7957		7960		7960		7961		7962		
7962		7963		7965		7966		7967		7967		7967		7970		7971		7976		
7977		7978		7978		7978		7980		7981		7982		7982		7983		7984		
7984		7984		7984		7984		7985		7987		7988		7989		7993		7994		
7996		7999		8000		8000		8002		8003		8004		8004		8006		8007		
8008		8009		8011		8013		8013		8013		8015		8015		8016		8016		
8016		8017		8017		8017		8018		8019		8021		8026		8028		8028		
8029		8033		8033		8034		8034		8038		8038		8039		8039		8039		
8043		8044		8044		8044		8049		8050		8050		8051		8052		8052		
8053		8053		8057		8058		8060		8060		8061		8061		8063		8065		
8069		8069		8070		8070		8072		8075		8076		8077		8077		8079		
8080		8082		8083		8083		8083		8084		8084		8085		8085		8085		
8085		8086		8087		8087		8090		8091		8093		8094		8094		8095		
8095		8096		8097		8097		8097		8103		8104		8104		8105		8105		
8108		8108		8109		8109		8110		8110		8111		8112		8114		8116		
8116		8117		8117		8117		8120		8120		8122		8123		8123		8124		
8127		8128		8130		8130		8133		8134		8134		8135		8135		8136		
8136		8136		8137		8137		8138		8140		8140		8141		8141		8142		
8144		8145		8146		8150		8150		8150		8151		8152		8152		8152		
8153		8157		8158		8159		8162		8164		8164		8166		8167		8168		
8170		8170		8173		8174		8175		8175		8175		8175		8175		8176		
8177		8178		8178		8179		8180		8181		8181		8186		8186		8188		
8188		8188		8189		8190		8191		8191		8191		8192		8192		8193		
8194		8196		8198		8199		8200		8203		8206		8206		8209		8209		
8210		8211		8212		8212		8212		8213		8214		8215		8215		8216		
8217		8218		8218		8220		8222		8222		8222		8222		8222		8224		
8225		8225		8227		8227		8228		8230		8230		8231		8232		8233		
8235		8236		8236		8236		8237		8237		8241		8244		8244		8245		
8249		8249		8250		8251		8252		8254		8256		8257		8258		8262		
8264		8265		8266		8266		8266		8268		8268		8269		8270		8270		
8270		8271		8271		8271		8271		8272		8274		8274		8275		8278		
8280		8281		8282		8282		8283		8283		8285		8286		8287		8288		
8288		8288		8289		8289		8291		8291		8292		8292		8293		8294		
8294		8296		8297		8297		8299		8303		8304		8306		8306		8307		
8307		8308		8308		8309		8309		8310		8310		8313		8313		8314		
8314		8315		8316		8317		8318		8318		8318		8319		8320		8320		
8320		8320		8323		8323		8324		8324		8325		8327		8327		8328		
8328		8329		8330		8330		8331		8333		8333		8333		8333		8337		
8339		8339		8339		8341		8342		8342		8343		8344		8344		8345		
8345		8345		8346		8353		8354		8355		8357		8358		8358		8360		
8364		8364		8365		8366		8367		8368		8368		8368		8370		8370		
8370		8373		8373		8373		8374		8375		8377		8377		8378		8381		
8385		8385		8385		8388		8389		8389		8390		8391		8393		8394		
8395		8397		8398		8398		8400		8401		8402		8402		8403		8403		
8405		8407		8409		8417		8423		8426		8429		8430		8432		8432		
8434		8435		8436		8437		8438		8438		8439		8440		8441		8442		
8443		8444		8445		8446		8448		8448		8448		8451		8453		8453		
8454		8456		8456		8457		8459		8460		8461		8461		8462		8464		
8466		8467		8469		8470		8471		8472		8474		8476		8476		8477		
8477		8478		8479		8479		8480		8482		8482		8483		8484		8485		
8486		8487		8488		8489		8489		8489		8490		8490		8490		8491		
8492		8495		8496		8496		8497		8497		8498		8498		8499		8504		
8506		8509		8515		8517		8517		8517		8517		8521		8522		8522		
8524		8525		8525		8526		8533		8533		8534		8538		8539		8540		
8540		8541		8541		8542		8543		8545		8545		8547		8548		8549		
8550		8551		8552		8554		8556		8557		8557		8558		8560		8560		
8562		8563		8564		8564		8566		8566		8566		8566		8566		8568		
8569		8569		8570		8571		8571		8574		8575		8575		8576		8576		
8579		8579		8579		8580		8584		8584		8585		8586		8586		8587		
8588		8589		8590		8590		8591		8592		8592		8592		8593		8594		
8594		8595		8596		8598		8600		8603		8605		8606		8606		8609		
8610		8611		8611		8618		8618		8619		8620		8620		8621		8621		
8622		8622		8623		8625		8629		8630		8631		8631		8631		8632		
8633		8635		8636		8639		8641		8641		8642		8642		8643		8644		
8651		8653		8653		8653		8654		8655		8658		8658		8659		8661		
8662		8662		8667		8668		8668		8668		8670		8672		8672		8675		
8675		8676		8677		8678		8679		8680		8680		8682		8685		8685		
8685		8687		8688		8689		8690		8690		8691		8691		8694		8694		
8698		8701		8701		8704		8704		8705		8707		8708		8710		8710		
8710		8711		8711		8712		8712		8714		8714		8715		8716		8716		
8717		8717		8718		8719		8719		8720		8721		8722		8724		8724		
8725		8726		8727		8730		8732		8732		8734		8734		8735		8735		
8736		8736		8737		8740		8740		8742		8747		8747		8747		8747		
8748		8749		8751		8755		8755		8756		8758		8758		8759		8760		
8760		8762		8763		8763		8764		8765		8765		8766		8767		8769		
8771		8772		8774		8776		8777		8779		8779		8780		8782		8787		
8787		8788		8789		8790		8792		8793		8795		8796		8796		8797		
8797		8798		8799		8799		8799		8801		8803		8803		8806		8806		
8808		8809		8810		8810		8811		8811		8813		8813		8815		8817		
8818		8818		8819		8819		8819		8820		8821		8822		8822		8823		
8823		8827		8828		8829		8830		8830		8830		8834		8834		8834		
8837		8837		8838		8838		8839		8839		8841		8843		8844		8845		
8849		8850		8850		8850		8851		8851		8852		8853		8856		8856		
8857		8858		8859		8859		8861		8861		8862		8862		8864		8865		
8866		8869		8870		8871		8876		8877		8877		8877		8879		8879		
8880		8881		8882		8882		8886		8887		8887		8890		8893		8894		
8894		8894		8895		8898		8899		8899		8899		8899		8900		8901		
8901		8903		8904		8904		8904		8904		8904		8905		8909		8910		
8910		8911		8912		8913		8913		8913		8915		8915		8916		8916		
8917		8918		8918		8919		8919		8920		8923		8925		8925		8928		
8930		8930		8931		8931		8932		8933		8936		8936		8937		8937		
8938		8938		8938		8939		8939		8939		8939		8940		8941		8941		
8941		8942		8943		8944		8944		8945		8945		8945		8945		8945		
8946		8948		8950		8950		8950		8951		8951		8956		8957		8959		
8960		8960		8961		8962		8966		8968		8971		8972		8972		8972		
8973		8973		8973		8976		8977		8978		8978		8979		8980		8980		
8980		8981		8981		8982		8982		8983		8983		8983		8984		8985		
8990		8990		8991		8991		8994		8994		8995		8997		8999		9000		
9000		9000		9001		9003		9003		9005		9005		9006		9007		9007		
9008		9008		9010		9010		9011		9012		9013		9013		9014		9015		
9015		9016		9019		9019		9020		9020		9026		9026		9027		9027		
9029		9030		9031		9031		9032		9033		9035		9036		9037		9038		
9040		9040		9041		9042		9042		9043		9044		9044		9044		9045		
9045		9046		9047		9052		9055		9057		9057		9059		9059		9062		
9062		9063		9065		9067		9067		9068		9069		9070		9072		9074		
9078		9081		9083		9084		9086		9086		9086		9087		9088		9088		
9089		9089		9089		9090		9091		9093		9093		9096		9097		9097		
9098		9098		9099		9100		9101		9104		9105		9106		9108		9110		
9110		9110		9112		9115		9116		9117		9117		9117		9118		9118		
9121		9122		9122		9122		9123		9123		9126		9127		9127		9128		
9129		9130		9131		9132		9133		9134		9134		9136		9138		9140		
9140		9140		9141		9142		9143		9148		9148		9150		9153		9153		
9153		9153		9154		9154		9154		9155		9155		9158		9159		9160		
9161		9161		9161		9165		9165		9166		9166		9167		9167		9170		
9171		9172		9172		9173		9173		9178		9180		9183		9184		9184		
9185		9185		9185		9187		9188		9189		9191		9192		9192		9194		
9195		9196		9198		9199		9200		9201		9202		9203		9208		9209		
9210		9210		9210		9211		9211		9215		9217		9218		9219		9219		
9220		9222		9223		9225		9225		9226		9227		9228		9228		9228		
9230		9231		9232		9233		9234		9235		9236		9236		9237		9238		
9239		9240		9241		9243		9244		9245		9248		9248		9250		9254		
9254		9256		9256		9257		9258		9258		9260		9261		9261		9261		
9262		9266		9266		9268		9269		9270		9271		9272		9272		9274		
9276		9276		9278		9280		9280		9281		9282		9283		9283		9283		
9283		9284		9285		9288		9288		9289		9290		9291		9292		9292		
9292		9295		9296		9297		9298		9298		9299		9299		9299		9304		
9307		9308		9310		9310		9312		9312		9312		9314		9315		9317		
9318		9318		9318		9320		9320		9321		9323		9324		9324		9324		
9325		9325		9327		9328		9329		9330		9331		9331		9333		9335		
9335		9337		9338		9339		9339		9340		9343		9343		9344		9344		
9345		9345		9345		9346		9347		9347		9348		9348		9351		9352		
9352		9352		9352		9352		9352		9353		9354		9354		9355		9356		
9356		9358		9359		9361		9361		9361		9361		9361		9362		9363		
9365		9365		9366		9367		9368		9368		9370		9370		9371		9371		
9375		9378		9378		9379		9380		9380		9381		9381		9382		9383		
9383		9386		9387		9387		9389		9389		9390		9390		9391		9391		
9392		9393		9393		9394		9395		9399		9400		9400		9401		9402		
9404		9406		9406		9407		9407		9409		9411		9411		9414		9415		
9415		9417		9419		9420		9421		9422		9423		9426		9428		9429		
9429		9433		9436		9438		9440		9440		9444		9446		9448		9448		
9448		9449		9450		9451		9451		9453		9455		9455		9456		9457		
9458		9458		9459		9459		9460		9462		9462		9464		9464		9465		
9465		9465		9466		9467		9467		9468		9469		9470		9471		9474		
9475		9475		9478		9478		9480		9483		9484		9485		9486		9486		
9488		9488		9488		9489		9491		9493		9494		9494		9497		9497		
9497		9498		9498		9499		9501		9502		9503		9503		9503		9503		
9505		9506		9506		9507		9509		9509		9511		9514		9514		9515		
9518		9518		9518		9518		9519		9521		9522		9524		9524		9526		
9526		9527		9528		9530		9533		9534		9536		9536		9538		9538		
9541		9542		9543		9545		9546		9549		9550		9550		9551		9554		
9555		9556		9556		9557		9558		9559		9560		9560		9560		9561		
9562		9563		9564		9564		9564		9567		9567		9568		9570		9572		
9572		9573		9573		9575		9576		9578		9580		9582		9583		9583		
9586		9588		9588		9589		9589		9590		9591		9591		9591		9593		
9595		9599		9599		9600		9601		9602		9602		9602		9602		9603		
9603		9605		9606		9607		9607		9607		9608		9610		9610		9611		
9612		9612		9614		9615		9615		9616		9616		9617		9618		9618		
9619		9619		9620		9620		9621		9622		9623		9625		9625		9628		
9628		9630		9630		9633		9633		9633		9636		9636		9638		9638		
9638		9640		9641		9641		9643		9643		9643		9643		9643		9643		
9644		9646		9647		9652		9653		9653		9653		9654		9654		9656		
9656		9658		9658		9658		9658		9659		9662		9662		9663		9664		
9664		9665		9666		9667		9668		9670		9670		9672		9673		9674		
9676		9676		9678		9679		9681		9682		9682		9683		9686		9687		
9687		9687		9688		9689		9689		9690		9691		9692		9693		9695		
9696		9697		9699		9700		9702		9702		9704		9706		9706		9707		
9709		9710		9710		9710		9710		9713		9715		9716		9717		9717		
9718		9718		9721		9723		9723		9726		9726		9726		9726		9728		
9729		9731		9733		9734		9736		9736		9738		9739		9743		9743		
9744		9745		9746		9748		9749		9749		9749		9749		9750		9750		
9754		9756		9756		9757		9759		9760		9760		9761		9761		9762		
9764		9764		9768		9769		9770		9772		9773		9773		9774		9775		
9777		9778		9780		9780		9783		9783		9784		9785		9786		9787		
9790		9792		9794		9794		9795		9798		9799		9799		9801		9801		
9802		9807		9807		9808		9808		9809		9810		9810		9815		9817		
9818		9820		9821		9822		9824		9825		9826		9827		9827		9828		
9829		9829		9829		9830		9833		9835		9835		9835		9835		9837		
9840		9840		9840		9840		9842		9845		9845		9846		9847		9847		
9850		9852		9854		9854		9854		9855		9856		9857		9857		9858		
9858		9859		9859		9860		9860		9860		9862		9868		9868		9869		
9869		9870		9872		9873		9874		9874		9877		9878		9879		9881		
9881		9882		9882		9886		9887		9888		9888		9888		9889		9889		
9891		9891		9895		9896		9896		9896		9896		9897		9899		9899		
9900		9901		9901		9902		9903		9903		9903		9904		9905		9910		
9911		9912		9912		9913		9914		9914		9916		9917		9920		9921		
9923		9923		9923		9924		9924		9926		9928		9928		9929		9930		
9930		9931		9932		9932		9933		9933		9934		9935		9935		9937		
9938		9938		9938		9940		9940		9941		9941		9942		9943		9943		
9943		9943		9944		9946		9947		9949		9950		9952		9953		9953		
9953		9954		9955		9957		9960		9961		9961		9962		9963		9964		
9965		9966		9966		9967		9968		9969		9970		9970		9971		9971		
9972		9972		9973		9974		9974		9974		9975		9977		9980		9980		
9980		9981		9981		9981		9984		9985		9985		9986		9987		9987		
9988		9988		9989		9990		9994		9994		9995		9996		9999		